source,density
Leaflitter,0.07622788
Leaflitter,0.543518759
Leaflitter,0.453088982
Leaflitter,0.246616408
Leaflitter,0.93532962
Leaflitter,0.242427056
Leaflitter,0.288515177
Leaflitter,0.577171965
Leaflitter,0.308064934
Leaflitter,0.63828081
Leaflitter,0.523212459
Leaflitter,0.633282878
Leaflitter,0.305223489
Leaflitter,0.04680368
Leaflitter,0.909787778
Leaflitter,0.399048675
Leaflitter,0.332010316
Leaflitter,0.128539849
Leaflitter,0.553813714
Leaflitter,0.558843779
Leaflitter,0.556929235
Leaflitter,0.562617373
Leaflitter,0.326174777
Leaflitter,0.77177728
Leaflitter,0.857376045
Leaflitter,0.383337496
Leaflitter,0.520427386
Leaflitter,0.492870934
Leaflitter,0.840293655
Leaflitter,0.602609189
Leaflitter,0.657968283
Leaflitter,0.15977644
Leaflitter,0.865556508
Leaflitter,0.580146549
Leaflitter,0.689329195
Leaflitter,0.342416173
Leaflitter,0.856932857
Leaflitter,0.229705313
Leaflitter,0.52018791
Leaflitter,0.498783477
Leaflitter,0.856617182
Leaflitter,0.839069605
Leaflitter,0.22273591
Leaflitter,0.605716891
Leaflitter,0.20141627
Leaflitter,0.252254646
Leaflitter,0.034497392
Leaflitter,0.189205738
Leaflitter,0.719297833
Leaflitter,0.838791503
Leaflitter,0.186682495
Leaflitter,0.528752182
Leaflitter,0.778754899
Leaflitter,0.439889166
Leaflitter,0.804270597
Leaflitter,0.2310095
Leaflitter,0.740468266
Leaflitter,0.08809084
Leaflitter,0.714547606
Leaflitter,0.304301086
Leaflitter,0.916190698
Leaflitter,0.837985726
Leaflitter,0.935250587
Leaflitter,0.425701474
Leaflitter,0.694071973
Leaflitter,0.898252349
Leaflitter,0.535951356
Leaflitter,0.915772995
Leaflitter,0.623546368
Leaflitter,0.554877433
Leaflitter,0.732318504
Leaflitter,0.478812753
Leaflitter,0.200896263
Leaflitter,0.301667171
Leaflitter,0.087985364
Leaflitter,0.61978057
Leaflitter,0.820610608
Leaflitter,0.312675539
Leaflitter,0.198300442
Leaflitter,0.403586994
Leaflitter,0.851853425
Leaflitter,0.758507011
Leaflitter,0.519754259
Leaflitter,0.525437749
Leaflitter,0.750968534
Leaflitter,0.585439682
Leaflitter,0.669694159
Leaflitter,0.432295061
Leaflitter,0.129768626
Leaflitter,0.587643994
Leaflitter,0.068581545
Leaflitter,0.807521985
Leaflitter,0.674698879
Leaflitter,0.593271138
Leaflitter,0.725340195
Leaflitter,0.394287043
Leaflitter,0.84348138
Leaflitter,0.069858078
Leaflitter,0.143719922
Leaflitter,0.8693815
Leaflitter,0.319905133
Leaflitter,0.269313406
Leaflitter,0.455241826
Leaflitter,0.535488321
Leaflitter,0.611813402
Leaflitter,0.4470217
Leaflitter,0.544518688
Leaflitter,0.195791901
Leaflitter,0.440895688
Leaflitter,0.502038372
Leaflitter,0.64069288
Leaflitter,0.645286212
Leaflitter,0.546344998
Leaflitter,0.838333306
Leaflitter,0.083498248
Leaflitter,0.883384132
Leaflitter,0.32943282
Leaflitter,0.427800665
Leaflitter,0.390483481
Leaflitter,0.083447462
Leaflitter,0.383174977
Leaflitter,0.65516635
Leaflitter,0.559653281
Leaflitter,0.523158558
Leaflitter,0.484449967
Leaflitter,0.747432362
Leaflitter,0.058245294
Leaflitter,0.570352664
Leaflitter,0.125900659
Leaflitter,0.179873869
Leaflitter,0.041874161
Leaflitter,0.882669846
Leaflitter,0.724672183
Leaflitter,0.942728896
Leaflitter,0.364396455
Leaflitter,0.671107232
Leaflitter,0.271884849
Leaflitter,0.586947608
Leaflitter,0.747328854
Leaflitter,0.428754755
Leaflitter,0.257112461
Leaflitter,0.82689079
Leaflitter,0.893531167
Leaflitter,0.665251749
Leaflitter,0.292832619
Leaflitter,0.722987751
Leaflitter,0.677520127
Leaflitter,0.017703138
Leaflitter,0.680436538
Leaflitter,0.405793639
Leaflitter,0.024950882
Leaflitter,0.740808254
Leaflitter,0.431901974
Leaflitter,0.248689718
Leaflitter,0.074160009
Leaflitter,0.193625231
Leaflitter,0.300417591
Leaflitter,0.702291468
Leaflitter,0.36405622
Leaflitter,0.950791231
Leaflitter,0.325396437
Leaflitter,0.843700178
Leaflitter,0.003599704
Leaflitter,0.786187699
Leaflitter,0.830916075
Leaflitter,0.336194365
Leaflitter,0.477004574
Leaflitter,0.744845898
Leaflitter,0.482358165
Leaflitter,0.014570097
Leaflitter,0.737181134
Leaflitter,0.328078194
Leaflitter,0.938182976
Leaflitter,0.450372996
Leaflitter,0.458178246
Leaflitter,0.226273789
Leaflitter,0.137669494
Leaflitter,0.570413941
Leaflitter,0.503632399
Leaflitter,0.576914805
Leaflitter,0.309568569
Leaflitter,0.572336254
Leaflitter,0.916992417
Leaflitter,0.876781748
Leaflitter,0.170624358
Leaflitter,0.473384219
Leaflitter,0.553571643
Leaflitter,0.870568479
Leaflitter,0.489605561
Leaflitter,0.474084647
Leaflitter,0.645693947
Leaflitter,0.705380256
Leaflitter,0.324080174
Leaflitter,0.732556049
Leaflitter,0.526212565
Leaflitter,0.770206344
Leaflitter,0.489233396
Leaflitter,0.150212142
Leaflitter,0.329364578
Leaflitter,0.468007784
Leaflitter,0.947937694
Leaflitter,0.763082986
Leaflitter,0.555617962
Leaflitter,0.344738777
Leaflitter,0.004341214
Leaflitter,0.671684226
Leaflitter,0.668020823
Leaflitter,0.885762594
Leaflitter,0.689441789
Leaflitter,0.72030821
Leaflitter,0.65990231
Leaflitter,0.534747276
Leaflitter,0.612666575
Leaflitter,0.635118361
Leaflitter,0.970507316
Leaflitter,0.678877842
Leaflitter,0.877580866
Leaflitter,0.630070852
Leaflitter,0.68366114
Leaflitter,0.787401161
Leaflitter,0.734396118
Leaflitter,0.410434192
Leaflitter,0.787011845
Leaflitter,0.222179744
Leaflitter,0.564969593
Leaflitter,0.907234863
Leaflitter,0.706723776
Leaflitter,0.74155875
Leaflitter,0.216004822
Leaflitter,0.90135946
Leaflitter,0.592652306
Leaflitter,0.654938043
Leaflitter,0.347314453
Leaflitter,0.203194886
Leaflitter,0.7944093
Leaflitter,0.433324227
Leaflitter,0.691353366
Leaflitter,0.424852178
Leaflitter,0.332488507
Leaflitter,0.865077856
Leaflitter,0.779533759
Leaflitter,0.255135764
Leaflitter,0.28577043
Leaflitter,0.558120537
Leaflitter,0.394801329
Leaflitter,0.622003024
Leaflitter,0.796586826
Leaflitter,0.686911667
Leaflitter,0.84678332
Leaflitter,0.599259768
Leaflitter,0.092854491
Leaflitter,0.508240088
Leaflitter,0.360077497
Leaflitter,0.196017569
Leaflitter,0.928421583
Leaflitter,0.690567073
Leaflitter,0.196384961
Leaflitter,0.644792897
Leaflitter,0.289242483
Leaflitter,0.942231821
Leaflitter,0.218890165
Leaflitter,0.428042575
Leaflitter,0.836944892
Leaflitter,0.473939238
Leaflitter,0.782047489
Leaflitter,0.407842939
Leaflitter,0.932455286
Leaflitter,0.525318261
Leaflitter,0.239993465
Leaflitter,0.353003125
Leaflitter,0.705811174
Leaflitter,0.355335521
Leaflitter,0.557781262
Leaflitter,0.251885621
Leaflitter,0.705727253
Leaflitter,0.674393419
Leaflitter,0.840810764
Leaflitter,0.812688453
Leaflitter,0.425748768
Leaflitter,0.384160254
Leaflitter,0.509919414
Leaflitter,0.779528569
Leaflitter,0.636870766
Leaflitter,0.652869026
Leaflitter,0.504405333
Leaflitter,0.460954855
Leaflitter,0.515991115
Leaflitter,0.572262469
Leaflitter,0.729259399
Leaflitter,0.447297414
Leaflitter,0.854119014
Leaflitter,0.347669975
Leaflitter,0.601563007
Leaflitter,0.709384888
Leaflitter,0.318874534
Leaflitter,0.459539244
Leaflitter,0.739841511
Leaflitter,0.033951019
Leaflitter,0.53838001
Leaflitter,0.740841092
Leaflitter,0.604160646
Leaflitter,0.853941107
Leaflitter,0.241190651
Leaflitter,0.685389336
Leaflitter,0.079974179
Leaflitter,0.36581239
Leaflitter,0.355291928
Leaflitter,0.297688799
Leaflitter,0.727894224
Leaflitter,0.74919018
Leaflitter,0.557650713
Leaflitter,0.827875219
Leaflitter,0.651328132
Leaflitter,0.334294387
Leaflitter,0.262762585
Leaflitter,0.344806053
Leaflitter,0.650456919
Leaflitter,0.190427796
Leaflitter,0.185525673
Leaflitter,0.619140937
Leaflitter,0.842119284
Leaflitter,0.551977869
Leaflitter,0.446024848
Leaflitter,0.818665933
Leaflitter,0.312461065
Leaflitter,0.611721659
Leaflitter,0.650091271
Leaflitter,0.638623422
Leaflitter,0.444721641
Leaflitter,0.714871015
Leaflitter,0.045025564
Leaflitter,0.944300962
Leaflitter,0.516031729
Leaflitter,0.760382607
Leaflitter,0.418359152
Leaflitter,0.337532234
Leaflitter,0.722518589
Leaflitter,0.297316238
Leaflitter,0.582875191
Leaflitter,0.048225545
Leaflitter,0.193217009
Leaflitter,0.269431826
Leaflitter,0.413744016
Leaflitter,0.409612045
Leaflitter,0.862124806
Leaflitter,0.33086419
Leaflitter,0.888818911
Leaflitter,0.551666558
Leaflitter,0.423785194
Leaflitter,0.785134399
Leaflitter,0.256935903
Leaflitter,0.044802368
Leaflitter,0.492500606
Leaflitter,0.815469285
Leaflitter,0.434167619
Leaflitter,0.74224552
Leaflitter,0.139100942
Leaflitter,0.627192288
Leaflitter,0.59985777
Leaflitter,0.310785118
Leaflitter,0.051082235
Leaflitter,0.247762606
Leaflitter,0.536649585
Leaflitter,0.387789605
Leaflitter,0.731474031
Leaflitter,0.285128494
Leaflitter,0.762056119
Leaflitter,0.830473386
Leaflitter,0.521289135
Leaflitter,0.248122699
Leaflitter,0.260184523
Leaflitter,0.166704809
Leaflitter,0.133907878
Leaflitter,0.411783168
Leaflitter,0.141266865
Leaflitter,0.640118435
Leaflitter,0.866107702
Leaflitter,0.214976844
Leaflitter,0.313478244
Leaflitter,0.536473357
Leaflitter,0.409937001
Leaflitter,0.079389928
Leaflitter,0.296536961
Leaflitter,0.658600003
Leaflitter,0.43583455
Leaflitter,0.414452269
Leaflitter,0.639255534
Leaflitter,0.274095128
Leaflitter,0.880920934
Leaflitter,0.56806355
Leaflitter,0.619032502
Leaflitter,0.013771589
Leaflitter,0.246762269
Leaflitter,0.339356481
Leaflitter,0.92654235
Leaflitter,0.665849975
Leaflitter,0.036515813
Leaflitter,0.457403764
Leaflitter,0.650131842
Leaflitter,0.136417784
Leaflitter,0.084298837
Leaflitter,0.524922526
Leaflitter,0.580099015
Leaflitter,0.94293961
Leaflitter,0.69863727
Leaflitter,0.493013344
Leaflitter,0.502323735
Leaflitter,0.409016855
Leaflitter,0.260512263
Leaflitter,0.456351429
Leaflitter,0.511779699
Leaflitter,0.440880159
Leaflitter,0.916777525
Leaflitter,0.551456498
Leaflitter,0.791024144
Leaflitter,0.894536313
Leaflitter,0.310673633
Leaflitter,0.454272073
Leaflitter,0.393839933
Leaflitter,0.755710877
Leaflitter,0.716018013
Leaflitter,0.714343375
Leaflitter,0.50379113
Leaflitter,0.925540218
Leaflitter,0.792511209
Leaflitter,0.829383672
Leaflitter,0.115622219
Leaflitter,0.691801515
Leaflitter,0.774365717
Leaflitter,0.53456493
Leaflitter,0.424912543
Leaflitter,0.890027747
Leaflitter,0.916635517
Leaflitter,0.433317343
Leaflitter,0.327962686
Leaflitter,0.304472593
Leaflitter,0.839768657
Leaflitter,0.779217871
Leaflitter,0.882615549
Leaflitter,0.795608732
Leaflitter,0.681157089
Leaflitter,0.717089188
Leaflitter,0.331379133
Leaflitter,0.578994888
Leaflitter,0.488636581
Leaflitter,0.580267158
Leaflitter,0.823992217
Leaflitter,0.406693182
Leaflitter,0.560246511
Leaflitter,0.447399958
Leaflitter,0.555832966
Leaflitter,0.754586094
Leaflitter,0.731750548
Leaflitter,0.795672148
Leaflitter,0.558329802
Leaflitter,0.444889121
Leaflitter,0.706296257
Leaflitter,0.245950936
Leaflitter,0.607815164
Leaflitter,0.22973079
Leaflitter,0.669587213
Leaflitter,0.841258175
Leaflitter,0.863484334
Leaflitter,0.38720886
Leaflitter,0.515316896
Leaflitter,0.637342292
Leaflitter,0.668534459
Leaflitter,0.385684016
Leaflitter,0.341624092
Leaflitter,0.920175793
Leaflitter,0.796605891
Leaflitter,0.796055997
Leaflitter,0.559147119
Leaflitter,0.298559762
Leaflitter,0.182845291
Leaflitter,0.712240031
Leaflitter,0.747211918
Leaflitter,0.444388037
Leaflitter,0.055377835
Leaflitter,0.347664198
Leaflitter,0.431606268
Leaflitter,0.325795839
Leaflitter,0.517608601
Leaflitter,0.938213966
Leaflitter,0.272779902
Leaflitter,0.607981767
Leaflitter,0.879181734
Leaflitter,0.225933718
Leaflitter,0.67797713
Leaflitter,0.373754958
Leaflitter,0.621595161
Leaflitter,0.480522844
Leaflitter,0.607016927
Leaflitter,0.82647389
Leaflitter,0.683186881
Leaflitter,0.415878368
Leaflitter,0.835520059
Leaflitter,0.023102983
Leaflitter,0.685036036
Leaflitter,0.296915419
Leaflitter,0.730358874
Leaflitter,0.967530078
Leaflitter,0.411922398
Leaflitter,0.234130269
Leaflitter,0.428775028
Leaflitter,0.582678407
Leaflitter,0.329703621
Leaflitter,0.362734192
Leaflitter,0.549029245
Leaflitter,0.254511357
Leaflitter,0.736152971
Leaflitter,0.605196473
Leaflitter,0.268600152
Leaflitter,0.050499166
Leaflitter,0.160490636
Leaflitter,0.820671093
Leaflitter,0.037317474
Leaflitter,0.709899524
Leaflitter,0.18811792
Leaflitter,0.7052126
Leaflitter,0.302580167
Leaflitter,0.434610122
Leaflitter,0.880669111
Leaflitter,0.475116879
Leaflitter,0.420530269
Leaflitter,0.327593067
Leaflitter,0.818430314
Leaflitter,0.831168655
Leaflitter,0.398110092
Leaflitter,0.273531587
Leaflitter,0.515201596
Leaflitter,0.530597319
Leaflitter,0.678466329
Leaflitter,0.790588895
Leaflitter,0.024975414
Leaflitter,0.115916236
Leaflitter,0.858551995
Leaflitter,0.741332619
Leaflitter,0.147541908
Leaflitter,0.090260162
Leaflitter,0.409405905
Leaflitter,0.315983861
Leaflitter,0.824425782
Leaflitter,0.848723622
Leaflitter,0.729570351
Leaflitter,0.909387145
Leaflitter,0.593379593
Leaflitter,0.29158486
Leaflitter,0.302718147
Leaflitter,0.730803322
Leaflitter,0.291967502
Leaflitter,0.301825875
Leaflitter,0.047427166
Leaflitter,0.627206889
Leaflitter,0.436667596
Leaflitter,0.060659936
Leaflitter,0.596367382
Leaflitter,0.751466867
Leaflitter,0.775611525
Leaflitter,0.704871949
Leaflitter,0.086387119
Leaflitter,0.664650885
Leaflitter,0.64945075
Leaflitter,0.745814217
Leaflitter,0.268932131
Leaflitter,0.675751787
Leaflitter,0.708537295
Leaflitter,0.842672968
Leaflitter,0.195932613
Leaflitter,0.443748847
Leaflitter,0.782034297
Leaflitter,0.298438791
Leaflitter,0.50951231
Leaflitter,0.224822423
Leaflitter,0.305718051
Leaflitter,0.738086759
Leaflitter,0.562336996
Leaflitter,0.545596662
Leaflitter,0.326292501
Leaflitter,0.617640495
Leaflitter,0.844819833
Leaflitter,0.757086931
Leaflitter,0.804013371
Leaflitter,0.060452178
Leaflitter,0.597392995
Leaflitter,0.674989572
Leaflitter,0.68163031
Leaflitter,0.339679246
Leaflitter,0.518995115
Leaflitter,0.845460971
Leaflitter,0.00693566
Leaflitter,0.816491539
Leaflitter,0.333810446
Leaflitter,0.644591892
Leaflitter,0.256296807
Leaflitter,0.259625882
Leaflitter,0.323284469
Leaflitter,0.663877819
Leaflitter,0.877940206
Leaflitter,0.634673205
Leaflitter,0.354648555
Leaflitter,0.468923144
Leaflitter,0.334901863
Leaflitter,0.73933563
Leaflitter,0.531886763
Leaflitter,0.868496463
Leaflitter,0.953740388
Leaflitter,0.732897536
Leaflitter,0.565943422
Leaflitter,0.49056212
Leaflitter,0.696380048
Leaflitter,0.25202676
Leaflitter,0.501636608
Leaflitter,0.310372911
Leaflitter,0.704157314
Leaflitter,0.725762621
Leaflitter,0.799753678
Leaflitter,0.73395013
Leaflitter,0.03084884
Leaflitter,0.930395544
Leaflitter,0.713309812
Leaflitter,0.201894769
Leaflitter,0.250189545
Leaflitter,0.889888865
Leaflitter,0.47454552
Leaflitter,0.276601481
Leaflitter,0.447459823
Leaflitter,0.665543572
Leaflitter,0.211646575
Leaflitter,0.610290951
Leaflitter,0.371417042
Leaflitter,0.600916443
Leaflitter,0.441300679
Leaflitter,0.949189906
Leaflitter,0.009733053
Leaflitter,0.419615673
Leaflitter,0.565468953
Leaflitter,0.441372648
Leaflitter,0.155738021
Leaflitter,0.314499753
Leaflitter,0.635269618
Leaflitter,0.147858324
Leaflitter,0.460204464
Leaflitter,0.840662343
Leaflitter,0.400133305
Leaflitter,0.83770122
Leaflitter,0.28026691
Leaflitter,0.279195782
Leaflitter,0.108650826
Leaflitter,0.371937869
Leaflitter,0.389249255
Leaflitter,0.718667938
Leaflitter,0.673339932
Leaflitter,0.57650719
Leaflitter,0.600701543
Leaflitter,0.127123587
Leaflitter,0.730742354
Leaflitter,0.652477118
Leaflitter,0.685573804
Leaflitter,0.62947671
Leaflitter,0.665910009
Leaflitter,0.562036563
Leaflitter,0.75699869
Leaflitter,0.437161847
Leaflitter,0.793406001
Leaflitter,0.164456656
Leaflitter,0.179390377
Leaflitter,0.453024866
Leaflitter,0.633973467
Leaflitter,0.608559152
Leaflitter,0.369351104
Leaflitter,0.593333281
Leaflitter,0.64264966
Leaflitter,0.844560409
Leaflitter,0.520507569
Leaflitter,0.127302228
Leaflitter,0.273700905
Leaflitter,0.566342084
Leaflitter,0.580608045
Leaflitter,0.10241528
Leaflitter,0.74681694
Leaflitter,0.708158073
Leaflitter,0.333543375
Leaflitter,0.414627467
Leaflitter,0.2823045
Leaflitter,0.887206296
Leaflitter,0.130968595
Leaflitter,0.935770058
Leaflitter,0.435011999
Leaflitter,0.417810745
Leaflitter,0.547539511
Leaflitter,0.622604211
Leaflitter,0.78431835
Leaflitter,0.336229798
Leaflitter,0.459960583
Leaflitter,0.669319576
Leaflitter,0.583196152
Leaflitter,0.463199168
Leaflitter,0.367884251
Leaflitter,0.509652864
Leaflitter,0.767842687
Leaflitter,0.353765018
Leaflitter,0.259083871
Leaflitter,0.902523563
Leaflitter,0.243436007
Leaflitter,0.667956016
Leaflitter,0.950645187
Leaflitter,0.583326896
Leaflitter,0.739715445
Leaflitter,0.427621509
Leaflitter,0.708190713
Leaflitter,0.874193035
Leaflitter,0.395751236
Leaflitter,0.353467566
Leaflitter,0.748005855
Leaflitter,0.462524975
Leaflitter,0.53506346
Leaflitter,0.688577185
Leaflitter,0.394153151
Leaflitter,0.648782438
Leaflitter,0.882313999
Leaflitter,0.434585553
Leaflitter,0.820876887
Leaflitter,0.936013069
Leaflitter,0.562100857
Leaflitter,0.729522451
Leaflitter,0.708627695
Leaflitter,0.684851017
Leaflitter,0.33797785
Leaflitter,0.458809031
Leaflitter,0.148958088
Leaflitter,0.409019256
Leaflitter,0.511299665
Leaflitter,0.549772979
Leaflitter,0.068284523
Leaflitter,0.068775862
Leaflitter,0.628541609
Leaflitter,0.34596643
Leaflitter,0.770761494
Leaflitter,0.197976784
Leaflitter,0.347330466
Leaflitter,0.891444118
Leaflitter,0.180637769
Leaflitter,0.06540345
Leaflitter,0.565056919
Leaflitter,0.212067615
Leaflitter,0.16546222
Leaflitter,0.780447835
Leaflitter,0.458043842
Leaflitter,0.47695843
Leaflitter,0.624068149
Leaflitter,0.233195582
Leaflitter,0.914841193
Leaflitter,0.726777062
Leaflitter,0.359545592
Leaflitter,0.386912808
Leaflitter,0.198146981
Leaflitter,0.874623143
Leaflitter,0.353554063
Leaflitter,0.668778302
Leaflitter,0.77134862
Leaflitter,0.321798032
Leaflitter,0.183209759
Leaflitter,0.43645124
Leaflitter,0.017812546
Leaflitter,0.695056576
Leaflitter,0.462449342
Leaflitter,0.30833155
Leaflitter,0.777615311
Leaflitter,0.633711211
Leaflitter,0.908194489
Leaflitter,0.322061131
Leaflitter,0.630205462
Leaflitter,0.087686559
Leaflitter,0.575670548
Leaflitter,0.347155109
Leaflitter,0.476668999
Leaflitter,0.754457616
Leaflitter,0.288574727
Leaflitter,0.792844484
Leaflitter,0.546593796
Leaflitter,0.290149985
Leaflitter,0.542245349
Leaflitter,0.567495906
Leaflitter,0.499857657
Leaflitter,0.834867226
Leaflitter,0.887566041
Leaflitter,0.146352098
Leaflitter,0.514705884
Leaflitter,0.858258655
Leaflitter,0.509715921
Leaflitter,0.553308766
Leaflitter,0.699719078
Leaflitter,0.921755547
Leaflitter,0.402888643
Leaflitter,0.354775617
Leaflitter,0.755684511
Leaflitter,0.314161284
Leaflitter,0.632859314
Leaflitter,0.848809549
Leaflitter,0.262090787
Leaflitter,0.613854026
Leaflitter,0.807723462
Leaflitter,0.753013616
Leaflitter,0.696165817
Leaflitter,0.772090282
Leaflitter,0.254103474
Leaflitter,0.650390061
Leaflitter,0.696059575
Leaflitter,0.592405334
Leaflitter,0.633823758
Leaflitter,0.761842357
Leaflitter,0.6751263
Leaflitter,0.212985684
Leaflitter,0.26800572
Leaflitter,0.612233135
Leaflitter,0.338308701
Leaflitter,0.664198474
Leaflitter,0.795115005
Leaflitter,0.769310178
Leaflitter,0.437972098
Leaflitter,0.46823096
Leaflitter,0.057390654
Leaflitter,0.818788735
Leaflitter,0.741082968
Leaflitter,0.601563694
Leaflitter,0.466728742
Leaflitter,0.575415905
Leaflitter,0.097183686
Leaflitter,0.841801177
Leaflitter,0.658328516
Leaflitter,0.656049212
Leaflitter,0.444518662
Leaflitter,0.728210128
Leaflitter,0.241386768
Leaflitter,0.63515984
Leaflitter,0.726862969
Leaflitter,0.083614727
Leaflitter,0.205223432
Leaflitter,0.630861953
Leaflitter,0.572072977
Leaflitter,0.149332142
Leaflitter,0.073591759
Leaflitter,0.237475548
Leaflitter,0.340746865
Leaflitter,0.270599461
Leaflitter,0.679181465
Leaflitter,0.784462959
Leaflitter,0.423866804
Leaflitter,0.075326959
Leaflitter,0.458667391
Leaflitter,0.913090365
Leaflitter,0.713915875
Leaflitter,0.716942443
Leaflitter,0.350468939
Leaflitter,0.494399171
Leaflitter,0.203407617
Leaflitter,0.921006603
Leaflitter,0.133696944
Leaflitter,0.166927378
Leaflitter,0.248268704
Leaflitter,0.307566497
Leaflitter,0.499564369
Leaflitter,0.181080294
Leaflitter,0.693368622
Leaflitter,0.802211038
Leaflitter,0.915126279
Leaflitter,0.841475607
Leaflitter,0.878639325
Leaflitter,0.589642497
Leaflitter,0.542066517
Leaflitter,0.364917596
Leaflitter,0.518944052
Leaflitter,0.541262139
Leaflitter,0.663409106
Leaflitter,0.866639933
Leaflitter,0.521233806
Leaflitter,0.36903731
Leaflitter,0.627837258
Leaflitter,0.38194169
Leaflitter,0.611232164
Leaflitter,0.818266615
Leaflitter,0.748719341
Leaflitter,0.572725931
Leaflitter,0.477185302
Leaflitter,0.189154578
Leaflitter,0.728072218
Leaflitter,0.968007448
Leaflitter,0.482378546
Leaflitter,0.46163184
Leaflitter,0.180454489
Leaflitter,0.155901715
Leaflitter,0.305000926
Leaflitter,0.143208893
Leaflitter,0.282015482
Leaflitter,0.626692343
Leaflitter,0.123577478
Leaflitter,0.694870335
Leaflitter,0.190664072
Leaflitter,0.386068757
Leaflitter,0.71402007
Leaflitter,0.565666752
Leaflitter,0.891032444
Leaflitter,0.672074765
Leaflitter,0.420249883
Leaflitter,0.491929616
Leaflitter,0.354489902
Leaflitter,0.607098367
Leaflitter,0.787417642
Leaflitter,0.296855583
Leaflitter,0.810929734
Leaflitter,0.510480944
Leaflitter,0.205753958
Leaflitter,0.561309928
Leaflitter,0.56723772
Leaflitter,0.107757144
Leaflitter,0.163722203
Leaflitter,0.785489876
Leaflitter,0.948126938
Leaflitter,0.567543101
Leaflitter,0.642600461
Leaflitter,0.183897158
Leaflitter,0.699932306
Leaflitter,0.064637925
Leaflitter,0.622223119
Leaflitter,0.2614085
Leaflitter,0.170201919
Leaflitter,0.443234145
Leaflitter,0.454832851
Leaflitter,0.633725222
Leaflitter,0.221432103
Leaflitter,0.516385864
Leaflitter,0.21130507
Leaflitter,0.490025739
Leaflitter,0.829262975
Leaflitter,0.096994056
Leaflitter,0.469078024
Leaflitter,0.524395058
Leaflitter,0.659769975
Leaflitter,0.599910583
Leaflitter,0.446346759
Leaflitter,0.597440831
Leaflitter,0.497278691
Leaflitter,0.589658814
Leaflitter,0.275140289
Leaflitter,0.47111015
Leaflitter,0.30736487
Leaflitter,0.760965419
Leaflitter,0.77605463
Leaflitter,0.885889516
Leaflitter,0.390694414
Leaflitter,0.333528633
Leaflitter,0.068086725
Leaflitter,0.618580702
Leaflitter,0.644465661
Leaflitter,0.13472961
Leaflitter,0.327745597
Leaflitter,0.933089917
Leaflitter,0.206638307
Leaflitter,0.098447747
Leaflitter,0.501412446
Leaflitter,0.639443632
Leaflitter,0.310230706
Leaflitter,0.579176641
Leaflitter,0.317496202
Leaflitter,0.766996246
Leaflitter,0.717577249
Leaflitter,0.465605535
Leaflitter,0.83119327
Leaflitter,0.450675415
Leaflitter,0.848665834
Leaflitter,0.323511502
Leaflitter,0.271708544
Leaflitter,0.631556724
Leaflitter,0.718234412
Leaflitter,0.739281463
Leaflitter,0.553904722
Leaflitter,0.840360899
Leaflitter,0.632147329
Leaflitter,0.776619828
Leaflitter,0.858799656
Leaflitter,0.512812945
Leaflitter,0.331501974
Leaflitter,0.843945696
Leaflitter,0.730060004
Leaflitter,0.022343492
Leaflitter,0.092887367
Leaflitter,0.046955917
Leaflitter,0.431330722
Leaflitter,0.163482911
Leaflitter,0.433212825
Leaflitter,0.847026304
Leaflitter,0.06150782
Leaflitter,0.626501068
Leaflitter,0.165797968
Leaflitter,0.517100312
Leaflitter,0.278663773
Leaflitter,0.516952204
Leaflitter,0.607289679
Leaflitter,0.347919253
Leaflitter,0.344851128
Leaflitter,0.760360234
Leaflitter,0.948393821
Leaflitter,0.606304452
Leaflitter,0.585758379
Leaflitter,0.833358592
Leaflitter,0.667020105
Leaflitter,0.068494144
Leaflitter,0.716294472
Leaflitter,0.47377152
Leaflitter,0.663046344
Leaflitter,0.88932997
Leaflitter,0.277342259
Leaflitter,0.888986088
Leaflitter,0.540701898
Leaflitter,0.89910569
Leaflitter,0.53902784
Leaflitter,0.788192728
Leaflitter,0.97006022
Leaflitter,0.252852352
Leaflitter,0.703887587
Leaflitter,0.445023075
Leaflitter,0.521374803
Leaflitter,0.36780398
Leaflitter,0.461178031
Leaflitter,0.707274962
Leaflitter,0.593868421
Leaflitter,0.499170617
Leaflitter,0.700561677
Leaflitter,0.323583362
Leaflitter,0.036349962
Leaflitter,0.569469603
Leaflitter,0.650468214
Leaflitter,0.703039483
Leaflitter,0.792304695
Leaflitter,0.816826586
Leaflitter,0.461277965
Leaflitter,0.645522428
Leaflitter,0.648193929
Leaflitter,0.346564565
Leaflitter,0.272388153
Leaflitter,0.142391364
Leaflitter,0.264351033
Leaflitter,0.191217952
Leaflitter,0.570609265
Leaflitter,0.91989421
Leaflitter,0.515221882
Leaflitter,0.789628261
Leaflitter,0.810277269
Leaflitter,0.651659555
Leaflitter,0.642215195
Leaflitter,0.511091574
Leaflitter,0.633790973
Leaflitter,0.355724488
Leaflitter,0.624054454
Leaflitter,0.105216131
Leaflitter,0.776631341
Leaflitter,0.308905991
Leaflitter,0.872680356
Leaflitter,0.467073448
Leaflitter,0.470018581
Leaflitter,0.776079025
Leaflitter,0.357829302
Leaflitter,0.108645452
Leaflitter,0.850303919
Leaflitter,0.398801809
Leaflitter,0.74186085
Leaflitter,0.793293745
Leaflitter,0.878247059
Leaflitter,0.383628868
Leaflitter,0.79613852
Leaflitter,0.817311871
Leaflitter,0.349990435
Leaflitter,0.754014407
Leaflitter,0.532962458
Leaflitter,0.965100138
Leaflitter,0.928102998
Leaflitter,0.800637225
Leaflitter,0.933956245
Leaflitter,0.887755213
Leaflitter,0.983112169
Leaflitter,0.493365513
Leaflitter,0.349953728
Leaflitter,0.73024191
Leaflitter,0.410275958
Leaflitter,0.203872323
Leaflitter,0.666089193
Leaflitter,0.065226697
Leaflitter,0.786308241
Leaflitter,0.620421959
Leaflitter,0.568283684
Leaflitter,0.918368176
Leaflitter,0.891961873
Leaflitter,0.268161011
Leaflitter,0.640430191
Leaflitter,0.470049085
Leaflitter,0.288135725
Leaflitter,0.296226814
Leaflitter,0.500241546
Leaflitter,0.597961521
Leaflitter,0.689324197
Leaflitter,0.843977937
Leaflitter,0.461450072
Leaflitter,0.720813269
Leaflitter,0.651532829
Leaflitter,0.193940877
Leaflitter,0.534109814
Leaflitter,0.488923456
Leaflitter,0.552523032
Leaflitter,0.785045441
Leaflitter,0.218247122
Leaflitter,0.30385737
Leaflitter,0.732706426
Leaflitter,0.520027515
Leaflitter,0.610620798
Leaflitter,0.345034894
Leaflitter,0.750015852
Leaflitter,0.680544809
Leaflitter,0.792606896
Leaflitter,0.553257395
Leaflitter,0.287538515
Leaflitter,0.279231257
Leaflitter,0.718343547
Leaflitter,0.702493597
Leaflitter,0.44070515
Leaflitter,0.718539864
Leaflitter,0.258416055
Leaflitter,0.743692459
Leaflitter,0.586359689
Leaflitter,0.496259918
Leaflitter,0.890772909
Leaflitter,0.759103122
Leaflitter,0.453943382
Leaflitter,0.540642348
Leaflitter,0.409249117
Leaflitter,0.331151996
Leaflitter,0.225692929
Leaflitter,0.590515869
Leaflitter,0.950295437
Leaflitter,0.707328864
Leaflitter,0.430816549
Leaflitter,0.210216604
Leaflitter,0.575995041
Leaflitter,0.567944564
Leaflitter,0.806529649
Leaflitter,0.107307332
Leaflitter,0.021489166
Leaflitter,0.911686719
Leaflitter,0.013796648
Leaflitter,0.433610529
Leaflitter,0.428369138
Leaflitter,0.478291926
Leaflitter,0.559914126
Leaflitter,0.592478703
Leaflitter,0.479481506
Leaflitter,0.632327901
Leaflitter,0.192978569
Leaflitter,0.792317306
Leaflitter,0.573148296
Leaflitter,0.122265876
Leaflitter,0.493343411
Leaflitter,0.581716491
Leaflitter,0.332113418
Leaflitter,0.292283835
Leaflitter,0.368769845
Leaflitter,0.415633749
Leaflitter,0.036659551
Leaflitter,0.411456716
Leaflitter,0.865064308
Leaflitter,0.106973677
Leaflitter,0.944129963
Leaflitter,0.318458062
Leaflitter,0.928518961
Leaflitter,0.780176017
Leaflitter,0.639657694
Leaflitter,0.225838484
Leaflitter,0.906976444
Leaflitter,0.782736353
Leaflitter,0.282833158
Leaflitter,0.719593789
Leaflitter,0.580239001
Leaflitter,0.377407304
Leaflitter,0.867622971
Leaflitter,0.399605016
Leaflitter,0.557688395
Leaflitter,0.02928365
Leaflitter,0.220032413
Leaflitter,0.543517191
Leaflitter,0.273547995
Leaflitter,0.417985207
Leaflitter,0.760057207
Leaflitter,0.21465902
Leaflitter,0.365351095
Leaflitter,0.60902023
Leaflitter,0.758562201
Leaflitter,0.566156587
Leaflitter,0.848132596
Leaflitter,0.801348299
Leaflitter,0.067386504
Leaflitter,0.467298521
Leaflitter,0.694523115
Leaflitter,0.131066021
Leaflitter,0.77278563
Leaflitter,0.275418837
Leaflitter,0.677408925
Leaflitter,0.090245195
Leaflitter,0.47515915
Leaflitter,0.698920314
Leaflitter,0.74312171
Leaflitter,0.454340954
Leaflitter,0.557613043
Leaflitter,0.821354231
Leaflitter,0.648419198
Leaflitter,0.761962803
Leaflitter,0.712457403
Leaflitter,0.456028938
Leaflitter,0.978180188
Leaflitter,0.096603743
Leaflitter,0.475396135
Leaflitter,0.642846933
Leaflitter,0.455978365
Leaflitter,0.508798753
Leaflitter,0.331125104
Leaflitter,0.612588339
Leaflitter,0.486455412
Leaflitter,0.549011523
Leaflitter,0.129670843
Leaflitter,0.63738422
Leaflitter,0.877537962
Leaflitter,0.630932405
Leaflitter,0.027815567
Leaflitter,0.370040179
Leaflitter,0.459970237
Leaflitter,0.134242139
Leaflitter,0.796755223
Leaflitter,0.611268822
Leaflitter,0.00845959
Leaflitter,0.635410224
Leaflitter,0.025938229
Leaflitter,0.771179415
Leaflitter,0.913380553
Leaflitter,0.277217888
Leaflitter,0.272644899
Leaflitter,0.401325317
Leaflitter,0.729052282
Leaflitter,0.03229146
Leaflitter,0.826525845
Leaflitter,0.612130098
Leaflitter,0.759261117
Leaflitter,0.438700315
Leaflitter,0.398004194
Leaflitter,0.630598154
Leaflitter,0.354141417
Leaflitter,0.402514734
Leaflitter,0.707967309
Leaflitter,0.480823075
Leaflitter,0.46474311
Leaflitter,0.238980783
Leaflitter,0.429103315
Leaflitter,0.298539139
Leaflitter,0.63455124
Leaflitter,0.474423556
Leaflitter,0.352295399
Leaflitter,0.833097593
Leaflitter,0.598969941
Leaflitter,0.528518288
Leaflitter,0.253543433
Leaflitter,0.509765771
Leaflitter,0.133390473
Leaflitter,0.074240536
Leaflitter,0.932179894
Leaflitter,0.377516781
Leaflitter,0.618977376
Leaflitter,0.906575215
Leaflitter,0.522270446
Leaflitter,0.167235696
Leaflitter,0.345009412
Leaflitter,0.716597315
Leaflitter,0.688287092
Leaflitter,0.769261584
Leaflitter,0.709659555
Leaflitter,0.770251631
Leaflitter,0.558779459
Leaflitter,0.735779416
Leaflitter,0.407427894
Leaflitter,0.307538121
Leaflitter,0.661355181
Leaflitter,0.792985292
Leaflitter,0.736935483
Leaflitter,0.233205999
Leaflitter,0.28801692
Leaflitter,0.703908012
Leaflitter,0.551400335
Leaflitter,0.445245282
Leaflitter,0.231320404
Leaflitter,0.820987755
Leaflitter,0.813374174
Leaflitter,0.755138447
Leaflitter,0.35294309
Leaflitter,0.271289634
Leaflitter,0.708068208
Leaflitter,0.241728744
Leaflitter,0.586253769
Leaflitter,0.575984042
Leaflitter,0.247233627
Leaflitter,0.669080422
Leaflitter,0.022598853
Leaflitter,0.86481251
Leaflitter,0.629916699
Leaflitter,0.222544293
Leaflitter,0.471855546
Leaflitter,0.89046497
Leaflitter,0.351939162
Leaflitter,0.663046124
Leaflitter,0.731286262
Leaflitter,0.749956748
Leaflitter,0.443119036
Leaflitter,0.801467464
Leaflitter,0.526825871
Leaflitter,0.277703277
Leaflitter,0.454727419
Leaflitter,0.447852226
Leaflitter,0.810593648
Leaflitter,0.776830667
Leaflitter,0.743674303
Leaflitter,0.403989269
Leaflitter,0.557477547
Leaflitter,0.849122853
Leaflitter,0.119781987
Leaflitter,0.527421774
Leaflitter,0.945323477
Leaflitter,0.321229593
Leaflitter,0.397622273
Leaflitter,0.783003745
Leaflitter,0.067083691
Leaflitter,0.366784703
Leaflitter,0.022778503
Leaflitter,0.329675908
Leaflitter,0.820356369
Leaflitter,0.484606648
Leaflitter,0.896041354
Leaflitter,0.19407212
Leaflitter,0.737204041
Leaflitter,0.098956476
Leaflitter,0.391933146
Leaflitter,0.81966012
Leaflitter,0.333119906
Leaflitter,0.723585136
Leaflitter,0.830635667
Leaflitter,0.344019083
Leaflitter,0.742803025
Leaflitter,0.73334272
Leaflitter,0.359947347
Leaflitter,0.626707366
Leaflitter,0.765461938
Leaflitter,0.374136951
Leaflitter,0.122567564
Leaflitter,0.615936693
Leaflitter,0.250914084
Leaflitter,0.757064666
Leaflitter,0.600423557
Leaflitter,0.812663589
Leaflitter,0.889014795
Leaflitter,0.571608054
Leaflitter,0.332979932
Leaflitter,0.463450267
Leaflitter,0.822504767
Leaflitter,0.895662493
Leaflitter,0.664723989
Leaflitter,0.803490467
Leaflitter,0.819117267
Leaflitter,0.57365872
Leaflitter,0.702281179
Leaflitter,0.513898557
Leaflitter,0.425424122
Leaflitter,0.429995127
Leaflitter,0.865527696
Leaflitter,0.404696486
Leaflitter,0.38399167
Leaflitter,0.235405441
Leaflitter,0.881579367
Leaflitter,0.640094157
Leaflitter,0.299747411
Leaflitter,0.682369448
Leaflitter,0.232912497
Leaflitter,0.133452962
Leaflitter,0.672669632
Leaflitter,0.718016098
Leaflitter,0.964039811
Leaflitter,0.550673653
Leaflitter,0.032569722
Leaflitter,0.708475477
Leaflitter,0.771410434
Leaflitter,0.274238027
Leaflitter,0.450897868
Leaflitter,0.315579401
Leaflitter,0.322953863
Leaflitter,0.67001379
Leaflitter,0.325282395
Leaflitter,0.319875198
Leaflitter,0.539810362
Leaflitter,0.656211633
Leaflitter,0.851480114
Leaflitter,0.918677471
Leaflitter,0.873418435
Leaflitter,0.945407864
Leaflitter,0.347370455
Leaflitter,0.702869632
Leaflitter,0.657003163
Leaflitter,0.537417033
Leaflitter,0.4122379
Leaflitter,0.213391226
Leaflitter,0.381209395
Leaflitter,0.839360138
Leaflitter,0.80360822
Leaflitter,0.913963504
Leaflitter,0.568114117
Leaflitter,0.434621
Leaflitter,0.815692259
Leaflitter,0.525366824
Leaflitter,0.493679604
Leaflitter,0.799274106
Leaflitter,0.712868622
Leaflitter,0.961180086
Leaflitter,0.468965579
Leaflitter,0.431584261
Leaflitter,0.586237696
Leaflitter,0.618306552
Leaflitter,0.030452097
Leaflitter,0.700636452
Leaflitter,0.283430008
Leaflitter,0.610191156
Leaflitter,0.693132353
Leaflitter,0.797572721
Leaflitter,0.872839606
Leaflitter,0.548200751
Leaflitter,0.811320815
Leaflitter,0.607880557
Leaflitter,0.700938851
Leaflitter,0.749888542
Leaflitter,0.497522017
Leaflitter,0.110664126
Leaflitter,0.531498273
Leaflitter,0.67770588
Leaflitter,0.883310483
Leaflitter,0.707919469
Leaflitter,0.098378504
Leaflitter,0.112081343
Leaflitter,0.084498412
Leaflitter,0.641753591
Leaflitter,0.402859233
Leaflitter,0.598082941
Leaflitter,0.640872965
Leaflitter,0.501557634
Leaflitter,0.63139527
Leaflitter,0.553786687
Leaflitter,0.519223267
Leaflitter,0.836302704
Leaflitter,0.337168269
Leaflitter,0.510774478
Leaflitter,0.659487957
Leaflitter,0.469401902
Leaflitter,0.586815751
Leaflitter,0.453799829
Leaflitter,0.420187905
Leaflitter,0.319506245
Leaflitter,0.583286975
Leaflitter,0.243134518
Leaflitter,0.723802436
Leaflitter,0.262972947
Leaflitter,0.873791354
Leaflitter,0.29080424
Leaflitter,0.841006501
Leaflitter,0.470051058
Leaflitter,0.701845057
Leaflitter,0.774166581
Leaflitter,0.769530186
Leaflitter,0.348669692
Leaflitter,0.489230315
Leaflitter,0.228829115
Leaflitter,0.40581317
Leaflitter,0.976939331
Leaflitter,0.854594431
Leaflitter,0.858111872
Leaflitter,0.586365189
Leaflitter,0.299234672
Leaflitter,0.65962352
Leaflitter,0.369334675
Leaflitter,0.382710056
Leaflitter,0.566283045
Leaflitter,0.908092611
Leaflitter,0.388791708
Leaflitter,0.46968213
Leaflitter,0.39049798
Leaflitter,0.304912529
Leaflitter,0.597505375
Leaflitter,0.881757337
Leaflitter,0.625311287
Leaflitter,0.767055276
Leaflitter,0.683244256
Leaflitter,0.597904918
Leaflitter,0.142209892
Leaflitter,0.204910025
Leaflitter,0.845013076
Leaflitter,0.908040378
Leaflitter,0.273977779
Leaflitter,0.966739216
Leaflitter,0.019134835
Leaflitter,0.130403391
Leaflitter,0.784361532
Leaflitter,0.013230772
Leaflitter,0.515112424
Leaflitter,0.769709474
Leaflitter,0.376325756
Leaflitter,0.703376752
Leaflitter,0.860607158
Leaflitter,0.41260733
Leaflitter,0.590253438
Leaflitter,0.648361965
Leaflitter,0.320389682
Leaflitter,0.175671729
Leaflitter,0.740286423
Leaflitter,0.402003475
Leaflitter,0.946544039
Leaflitter,0.268164306
Leaflitter,0.693984299
Leaflitter,0.378674267
Leaflitter,0.226765896
Leaflitter,0.26246172
Leaflitter,0.789468792
Leaflitter,0.733468869
Leaflitter,0.770413132
Leaflitter,0.690860469
Leaflitter,0.863121518
Leaflitter,0.100185055
Leaflitter,0.444591745
Leaflitter,0.597947092
Leaflitter,0.219424896
Leaflitter,0.399507264
Leaflitter,0.4223409
Leaflitter,0.873696253
Leaflitter,0.397294752
Leaflitter,0.84936647
Leaflitter,0.778471626
Leaflitter,0.646924577
Leaflitter,0.577290242
Leaflitter,0.627032281
Leaflitter,0.228871141
Leaflitter,0.07854117
Leaflitter,0.325263501
Leaflitter,0.393708807
Leaflitter,0.468609568
Leaflitter,0.846581113
Leaflitter,0.408228199
Leaflitter,0.262053042
Leaflitter,0.856630168
Leaflitter,0.912590097
Leaflitter,0.612779627
Leaflitter,0.26634189
Leaflitter,0.412086679
Leaflitter,0.310285124
Leaflitter,0.688502172
Leaflitter,0.082847966
Leaflitter,0.589403467
Leaflitter,0.200825181
Leaflitter,0.350581299
Leaflitter,0.25700059
Leaflitter,0.459030344
Leaflitter,0.522805346
Leaflitter,0.78244056
Leaflitter,0.218792856
Leaflitter,0.689263162
Leaflitter,0.068068017
Leaflitter,0.813330362
Leaflitter,0.116659539
Leaflitter,0.827626505
Leaflitter,0.284764965
Leaflitter,0.498367263
Leaflitter,0.573774315
Leaflitter,0.689093009
Leaflitter,0.587895142
Leaflitter,0.661774545
Leaflitter,0.620608975
Leaflitter,0.677542666
Leaflitter,0.250764669
Leaflitter,0.600175304
Leaflitter,0.493594907
Leaflitter,0.806314871
Leaflitter,0.719890571
Leaflitter,0.249773247
Leaflitter,0.056414607
Leaflitter,0.793981267
Leaflitter,0.154561386
Leaflitter,0.684207879
Leaflitter,0.866266883
Leaflitter,0.384960814
Leaflitter,0.256158588
Leaflitter,0.790265106
Leaflitter,0.365213127
Leaflitter,0.931766328
Leaflitter,0.915515277
Leaflitter,0.689714474
Leaflitter,0.348065467
Leaflitter,0.285964009
Leaflitter,0.545978489
Leaflitter,0.393119231
Leaflitter,0.254682836
Leaflitter,0.705544353
Leaflitter,0.320468628
Leaflitter,0.475228468
Leaflitter,0.475403729
Leaflitter,0.728993051
Leaflitter,0.74247532
Leaflitter,0.672515076
Leaflitter,0.406341604
Leaflitter,0.057732999
Leaflitter,0.135019779
Leaflitter,0.474447868
Leaflitter,0.219606737
Leaflitter,0.61302037
Leaflitter,0.384003581
Leaflitter,0.811897797
Leaflitter,0.961440525
Leaflitter,0.493573221
Leaflitter,0.174131725
Leaflitter,0.842444616
Leaflitter,0.074800861
Leaflitter,0.096528735
Leaflitter,0.561549179
Leaflitter,0.581382723
Leaflitter,0.901921631
Leaflitter,0.511914203
Leaflitter,0.056599446
Leaflitter,0.602959179
Leaflitter,0.600295662
Leaflitter,0.581135161
Leaflitter,0.329236505
Leaflitter,0.762454285
Leaflitter,0.385082211
Leaflitter,0.897307107
Leaflitter,0.46849772
Leaflitter,0.85721792
Leaflitter,0.285725644
Leaflitter,0.684927846
Leaflitter,0.025437184
Leaflitter,0.085542518
Leaflitter,0.608985374
Leaflitter,0.769155852
Leaflitter,0.857826508
Leaflitter,0.449451422
Leaflitter,0.40047071
Leaflitter,0.734857237
Leaflitter,0.961478241
Leaflitter,0.736158451
Leaflitter,0.378148254
Leaflitter,0.294887383
Leaflitter,0.659881134
Leaflitter,0.715871101
Leaflitter,0.760088249
Leaflitter,0.286557604
Leaflitter,0.157445923
Leaflitter,0.724140253
Leaflitter,0.674483133
Leaflitter,0.622522878
Leaflitter,0.6443647
Leaflitter,0.7162843
Leaflitter,0.381920004
Leaflitter,0.800544157
Leaflitter,0.230439893
Leaflitter,0.463099858
Leaflitter,0.818434495
Leaflitter,0.856559885
Leaflitter,0.45111704
Leaflitter,0.872186934
Leaflitter,0.110866513
Leaflitter,0.871290868
Leaflitter,0.379865864
Leaflitter,0.575451416
Leaflitter,0.297067446
Leaflitter,0.41763176
Leaflitter,0.348171128
Leaflitter,0.660437192
Leaflitter,0.681272322
Leaflitter,0.39715453
Leaflitter,0.655390326
Leaflitter,0.455700256
Leaflitter,0.268363213
Leaflitter,0.547275196
Leaflitter,0.248326875
Leaflitter,0.636033671
Leaflitter,0.546327235
Leaflitter,0.321948114
Leaflitter,0.754521033
Leaflitter,0.328930285
Leaflitter,0.408212305
Leaflitter,0.591889501
Leaflitter,0.355286392
Leaflitter,0.187287674
Leaflitter,0.491943764
Leaflitter,0.290336519
Leaflitter,0.467922542
Leaflitter,0.799372593
Leaflitter,0.630477638
Leaflitter,0.186577328
Leaflitter,0.161750859
Leaflitter,0.337444253
Leaflitter,0.680021416
Leaflitter,0.836407267
Leaflitter,0.396473756
Leaflitter,0.376810039
Leaflitter,0.528813104
Leaflitter,0.754935917
Leaflitter,0.417470492
Leaflitter,0.805144959
Leaflitter,0.516833245
Leaflitter,0.79676978
Leaflitter,0.427509187
Leaflitter,0.46011805
Leaflitter,0.151780269
Leaflitter,0.095245586
Leaflitter,0.747717278
Leaflitter,0.586835894
Leaflitter,0.606665234
Leaflitter,0.888958392
Leaflitter,0.387967566
Leaflitter,0.238677739
Leaflitter,0.812496744
Leaflitter,0.051019323
Leaflitter,0.578274365
Leaflitter,0.49038216
Leaflitter,0.548586955
Leaflitter,0.501947964
Leaflitter,0.311799906
Leaflitter,0.115928183
Leaflitter,0.927650264
Leaflitter,0.215560527
Leaflitter,0.37442937
Leaflitter,0.748928914
Leaflitter,0.915459357
Leaflitter,0.534049854
Leaflitter,0.221094636
Leaflitter,0.747754249
Leaflitter,0.467590087
Leaflitter,0.928550777
Leaflitter,0.19981165
Leaflitter,0.145171514
Leaflitter,0.390788012
Leaflitter,0.896468056
Leaflitter,0.256779567
Leaflitter,0.181240151
Leaflitter,0.551140746
Leaflitter,0.663566572
Leaflitter,0.270517949
Leaflitter,0.428369314
Leaflitter,0.437103305
Leaflitter,0.543045117
Leaflitter,0.767704668
Leaflitter,0.802189962
Leaflitter,0.510470416
Leaflitter,0.939809658
Leaflitter,0.372691159
Leaflitter,0.457987728
Leaflitter,0.845143567
Leaflitter,0.571032582
Leaflitter,0.208976596
Leaflitter,0.450815336
Leaflitter,0.255000866
Leaflitter,0.569256951
Leaflitter,0.949732269
Leaflitter,0.298118854
Leaflitter,0.71637452
Leaflitter,0.363373869
Leaflitter,0.238256447
Leaflitter,0.842093721
Leaflitter,0.397450792
Leaflitter,0.469113564
Leaflitter,0.402155278
Leaflitter,0.534030763
Leaflitter,0.183098936
Leaflitter,0.894045484
Leaflitter,0.512155632
Leaflitter,0.512381201
Leaflitter,0.409531419
Leaflitter,0.168225083
Leaflitter,0.512799514
Leaflitter,0.758153164
Leaflitter,0.792158681
Leaflitter,0.574069474
Leaflitter,0.477913297
Leaflitter,0.766683026
Leaflitter,0.026960256
Leaflitter,0.322727374
Leaflitter,0.87475676
Leaflitter,0.283269943
Leaflitter,0.360364352
Leaflitter,0.224088378
Leaflitter,0.730362807
Leaflitter,0.815487018
Leaflitter,0.298539297
Leaflitter,0.081514144
Leaflitter,0.19054131
Leaflitter,0.476475094
Leaflitter,0.156248926
Leaflitter,0.93039509
Leaflitter,0.384561323
Leaflitter,0.470518655
Leaflitter,0.947540704
Leaflitter,0.391042779
Leaflitter,0.426586749
Leaflitter,0.575359653
Leaflitter,0.669966935
Leaflitter,0.461398755
Leaflitter,0.14738316
Leaflitter,0.160669395
Leaflitter,0.721153987
Leaflitter,0.737159269
Leaflitter,0.091185169
Leaflitter,0.828181223
Leaflitter,0.244918055
Leaflitter,0.08491686
Leaflitter,0.492428294
Leaflitter,0.536958663
Leaflitter,0.924832067
Leaflitter,0.234086151
Leaflitter,0.571008865
Leaflitter,0.759214936
Leaflitter,0.722471279
Leaflitter,0.599758529
Leaflitter,0.387107629
Leaflitter,0.608850749
Leaflitter,0.441717395
Leaflitter,0.646537516
Leaflitter,0.587537933
Leaflitter,0.902479162
Leaflitter,0.660058977
Leaflitter,0.650178003
Leaflitter,0.477386765
Leaflitter,0.840328136
Leaflitter,0.839305306
Leaflitter,0.555288368
Leaflitter,0.386629836
Leaflitter,0.911111072
Leaflitter,0.820775348
Leaflitter,0.626133287
Leaflitter,0.348194416
Leaflitter,0.490385673
Leaflitter,0.121330865
Leaflitter,0.293543051
Leaflitter,0.654177801
Leaflitter,0.839206388
Leaflitter,0.159390138
Leaflitter,0.508333943
Leaflitter,0.439916007
Leaflitter,0.378533558
Leaflitter,0.37052816
Leaflitter,0.597338322
Leaflitter,0.273598421
Leaflitter,0.84620301
Leaflitter,0.197848128
Leaflitter,0.584313889
Leaflitter,0.03391855
Leaflitter,0.283222166
Leaflitter,0.219783033
Leaflitter,0.106820434
Leaflitter,0.257095555
Leaflitter,0.758009446
Leaflitter,0.557513116
Leaflitter,0.328880777
Leaflitter,0.660589128
Leaflitter,0.26488459
Leaflitter,0.45266815
Leaflitter,0.900226195
Leaflitter,0.337491992
Leaflitter,0.494565702
Leaflitter,0.705601737
Leaflitter,0.365668259
Leaflitter,0.53355924
Leaflitter,0.380978832
Leaflitter,0.638237614
Leaflitter,0.38079498
Leaflitter,0.824913845
Leaflitter,0.549356121
Leaflitter,0.784863698
Leaflitter,0.682202247
Leaflitter,0.635422228
Leaflitter,0.187052982
Leaflitter,0.724840432
Leaflitter,0.504974879
Leaflitter,0.079251858
Leaflitter,0.576959971
Leaflitter,0.472444688
Leaflitter,0.388055757
Leaflitter,0.698702051
Leaflitter,0.165466426
Leaflitter,0.744379794
Leaflitter,0.139840472
Leaflitter,0.40066751
Leaflitter,0.901575844
Leaflitter,0.899896472
Leaflitter,0.672027031
Leaflitter,0.142588343
Leaflitter,0.634657868
Leaflitter,0.461954716
Leaflitter,0.765254676
Leaflitter,0.631008897
Leaflitter,0.281881952
Leaflitter,0.23535671
Leaflitter,0.515217836
Leaflitter,0.528202587
Leaflitter,0.864360482
Leaflitter,0.906871061
Leaflitter,0.368460324
Leaflitter,0.400693435
Leaflitter,0.790603098
Leaflitter,0.728940187
Leaflitter,0.716390052
Leaflitter,0.265853049
Leaflitter,0.462235958
Leaflitter,0.256645612
Leaflitter,0.237252172
Leaflitter,0.425344761
Leaflitter,0.202641356
Leaflitter,0.79457586
Leaflitter,0.808679005
Leaflitter,0.281401302
Leaflitter,0.102221373
Leaflitter,0.272596002
Leaflitter,0.291998285
Leaflitter,0.208683937
Leaflitter,0.713871665
Leaflitter,0.457043944
Leaflitter,0.277735376
Leaflitter,0.824148279
Leaflitter,0.067039845
Leaflitter,0.465493292
Leaflitter,0.139948656
Leaflitter,0.352249821
Leaflitter,0.508346324
Leaflitter,0.509792295
Leaflitter,0.220359221
Leaflitter,0.88235496
Leaflitter,0.304263322
Leaflitter,0.162154129
Leaflitter,0.387522214
Leaflitter,0.393121247
Leaflitter,0.889664696
Leaflitter,0.042299992
Leaflitter,0.686128433
Leaflitter,0.009736531
Leaflitter,0.674093019
Leaflitter,0.050556351
Leaflitter,0.783025815
Leaflitter,0.432917296
Leaflitter,0.662567009
Leaflitter,0.891683696
Leaflitter,0.791184046
Leaflitter,0.258790928
Leaflitter,0.391441127
Leaflitter,0.890497071
Leaflitter,0.04222714
Leaflitter,0.628457402
Leaflitter,0.255835405
Leaflitter,0.556822698
Leaflitter,0.390879923
Leaflitter,0.16452787
Leaflitter,0.297173056
Leaflitter,0.905842237
Leaflitter,0.306230054
Leaflitter,0.515782709
Leaflitter,0.932770429
Leaflitter,0.047247059
Leaflitter,0.616016633
Leaflitter,0.622681101
Leaflitter,0.767194991
Leaflitter,0.531325733
Leaflitter,0.080087945
Leaflitter,0.438899347
Leaflitter,0.114857482
Leaflitter,0.859630423
Leaflitter,0.292111328
Leaflitter,0.613459254
Leaflitter,0.938240284
Leaflitter,0.235974362
Leaflitter,0.89585528
Leaflitter,0.439571574
Leaflitter,0.833673297
Leaflitter,0.370870035
Leaflitter,0.376773714
Leaflitter,0.416687839
Leaflitter,0.193103927
Leaflitter,0.620879267
Leaflitter,0.493909447
Leaflitter,0.481485748
Leaflitter,0.549519086
Leaflitter,0.817762482
Leaflitter,0.621645205
Leaflitter,0.028312852
Leaflitter,0.220788408
Leaflitter,0.160550926
Leaflitter,0.948538597
Leaflitter,0.880979462
Leaflitter,0.365580765
Leaflitter,0.241352527
Leaflitter,0.431383451
Leaflitter,0.553475188
Leaflitter,0.196118504
Leaflitter,0.849524274
Leaflitter,0.503511423
Leaflitter,0.705855051
Leaflitter,0.887516304
Leaflitter,0.841494704
Leaflitter,0.69154998
Leaflitter,0.728937916
Leaflitter,0.45624668
Leaflitter,0.490048091
Leaflitter,0.654640875
Leaflitter,0.618441498
Leaflitter,0.604076699
Leaflitter,0.066870678
Leaflitter,0.28660913
Leaflitter,0.487719735
Leaflitter,0.522730714
Leaflitter,0.511839133
Leaflitter,0.259539102
Leaflitter,0.195657659
Leaflitter,0.047860224
Leaflitter,0.56915914
Leaflitter,0.801450743
Leaflitter,0.45339597
Leaflitter,0.464987005
Leaflitter,0.23761054
Leaflitter,0.681564061
Leaflitter,0.394925408
Leaflitter,0.801209342
Leaflitter,0.4962055
Leaflitter,0.394007494
Leaflitter,0.759954298
Leaflitter,0.430217718
Leaflitter,0.393629412
Leaflitter,0.447235334
Leaflitter,0.358300737
Leaflitter,0.134949309
Leaflitter,0.773857285
Leaflitter,0.868480201
Leaflitter,0.137825228
Leaflitter,0.571845334
Leaflitter,0.645355176
Leaflitter,0.635650209
Leaflitter,0.319345811
Leaflitter,0.545588866
Leaflitter,0.466015246
Leaflitter,0.788415198
Leaflitter,0.788286124
Leaflitter,0.295677267
Leaflitter,0.744587612
Leaflitter,0.799501812
Leaflitter,0.641258734
Leaflitter,0.314118091
Leaflitter,0.660437896
Leaflitter,0.875555133
Leaflitter,0.870141178
Leaflitter,0.152194812
Leaflitter,0.521809584
Leaflitter,0.777088352
Leaflitter,0.368710696
Leaflitter,0.348662198
Leaflitter,0.807289135
Leaflitter,0.512467023
Leaflitter,0.479977486
Leaflitter,0.936513114
Leaflitter,0.41623894
Leaflitter,0.471911342
Leaflitter,0.509306572
Leaflitter,0.750280205
Leaflitter,0.753007937
Leaflitter,0.245587142
Leaflitter,0.91987044
Leaflitter,0.588937911
Leaflitter,0.116671512
Leaflitter,0.408537374
Leaflitter,0.248308353
Leaflitter,0.34884039
Leaflitter,0.182457826
Leaflitter,0.700460193
Leaflitter,0.723842694
Leaflitter,0.238454202
Leaflitter,0.416689412
Leaflitter,0.43829805
Leaflitter,0.465023032
Leaflitter,0.88790714
Leaflitter,0.38931775
Leaflitter,0.960679573
Leaflitter,0.579054198
Leaflitter,0.643824677
Leaflitter,0.841438444
Leaflitter,0.342914739
Leaflitter,0.307809078
Leaflitter,0.577770896
Leaflitter,0.152230551
Leaflitter,0.288987824
Leaflitter,0.173225712
Leaflitter,0.055394935
Leaflitter,0.42437515
Leaflitter,0.453459876
Leaflitter,0.702600377
Leaflitter,0.213733307
Leaflitter,0.381827595
Leaflitter,0.528939381
Leaflitter,0.727182063
Leaflitter,0.569710881
Leaflitter,0.269359143
Leaflitter,0.580692134
Leaflitter,0.566099836
Leaflitter,0.598807637
Leaflitter,0.466284404
Leaflitter,0.835639046
Leaflitter,0.734083781
Leaflitter,0.757336742
Leaflitter,0.238726805
Leaflitter,0.768554381
Leaflitter,0.63283785
Leaflitter,0.917997896
Leaflitter,0.373273637
Leaflitter,0.764830429
Leaflitter,0.131035716
Leaflitter,0.134556918
Leaflitter,0.714616326
Leaflitter,0.466996133
Leaflitter,0.530289972
Leaflitter,0.422742825
Leaflitter,0.619455988
Leaflitter,0.637305558
Leaflitter,0.473316199
Leaflitter,0.358763886
Leaflitter,0.908979116
Leaflitter,0.893143647
Leaflitter,0.776030621
Leaflitter,0.529828066
Leaflitter,0.871316214
Leaflitter,0.815750328
Leaflitter,0.54553026
Leaflitter,0.633229612
Leaflitter,0.745929752
Leaflitter,0.715827213
Leaflitter,0.201056243
Leaflitter,0.561793264
Leaflitter,0.521582812
Leaflitter,0.809812202
Leaflitter,0.800113412
Leaflitter,0.803174872
Leaflitter,0.788946428
Leaflitter,0.365522911
Leaflitter,0.438661851
Leaflitter,0.583520591
Leaflitter,0.506396617
Leaflitter,0.289695234
Leaflitter,0.358101687
Leaflitter,0.204419072
Leaflitter,0.716555428
Leaflitter,0.427510148
Leaflitter,0.205201446
Leaflitter,0.642395143
Leaflitter,0.386392878
Leaflitter,0.533485487
Leaflitter,0.433531582
Leaflitter,0.844318462
Leaflitter,0.775261646
Leaflitter,0.762228712
Leaflitter,0.894988625
Leaflitter,0.259902321
Leaflitter,0.344708004
Leaflitter,0.694085746
Leaflitter,0.081367926
Leaflitter,0.742058286
Leaflitter,0.290924064
Leaflitter,0.427924443
Leaflitter,0.911738064
Leaflitter,0.169953855
Leaflitter,0.69556612
Leaflitter,0.62892456
Leaflitter,0.699026776
Leaflitter,0.62109034
Leaflitter,0.288098113
Leaflitter,0.487789513
Leaflitter,0.439387849
Leaflitter,0.211248893
Leaflitter,0.871897055
Leaflitter,0.112632599
Leaflitter,0.710507553
Leaflitter,0.759046768
Leaflitter,0.734502885
Leaflitter,0.133866654
Leaflitter,0.677189262
Leaflitter,0.338059847
Leaflitter,0.81707239
Leaflitter,0.174754171
Leaflitter,0.647258174
Leaflitter,0.45886933
Leaflitter,0.829709256
Leaflitter,0.582638362
Leaflitter,0.396448828
Leaflitter,0.180108738
Leaflitter,0.855029116
Leaflitter,0.431902966
Leaflitter,0.646851906
Leaflitter,0.731431658
Leaflitter,0.098670445
Leaflitter,0.256675982
Leaflitter,0.849953088
Leaflitter,0.466257445
Leaflitter,0.775468795
Leaflitter,0.189928571
Leaflitter,0.358486187
Leaflitter,0.884760165
Leaflitter,0.494836384
Leaflitter,0.571229798
Leaflitter,0.919352402
Leaflitter,0.019040082
Leaflitter,0.623167508
Leaflitter,0.335886308
Leaflitter,0.320904415
Leaflitter,0.132156622
Leaflitter,0.210963289
Leaflitter,0.179745807
Leaflitter,0.705594404
Leaflitter,0.221698089
Leaflitter,0.504175971
Leaflitter,0.401033394
Leaflitter,0.738212122
Leaflitter,0.766970902
Leaflitter,0.629357937
Leaflitter,0.187976808
Leaflitter,0.429812747
Leaflitter,0.625187622
Leaflitter,0.175670934
Leaflitter,0.580049215
Leaflitter,0.420398401
Leaflitter,0.625349022
Leaflitter,0.595570138
Leaflitter,0.473871543
Leaflitter,0.403002874
Leaflitter,0.625878338
Leaflitter,0.887339959
Leaflitter,0.677883474
Leaflitter,0.745396706
Leaflitter,0.333558532
Leaflitter,0.223801684
Leaflitter,0.260436185
Leaflitter,0.796284709
Leaflitter,0.668163402
Leaflitter,0.274490284
Leaflitter,0.796648294
Leaflitter,0.614449234
Leaflitter,0.711366851
Leaflitter,0.416847364
Leaflitter,0.441079189
Leaflitter,0.447395705
Leaflitter,0.095929156
Leaflitter,0.790814941
Leaflitter,0.648562047
Leaflitter,0.592852205
Leaflitter,0.756441386
Leaflitter,0.431172532
Leaflitter,0.818684014
Leaflitter,0.865497463
Leaflitter,0.029397856
Leaflitter,0.727145137
Leaflitter,0.121117486
Leaflitter,0.576071332
Leaflitter,0.32995679
Leaflitter,0.556916471
Leaflitter,0.44922704
Leaflitter,0.786869974
Leaflitter,0.170790039
Leaflitter,0.869059504
Leaflitter,0.440595846
Leaflitter,0.789317654
Leaflitter,0.274595333
Leaflitter,0.499920216
Leaflitter,0.283764078
Leaflitter,0.878503779
Leaflitter,0.441552364
Leaflitter,0.572150804
Leaflitter,0.026512012
Leaflitter,0.521090001
Leaflitter,0.571589186
Leaflitter,0.101592499
Leaflitter,0.246368369
Leaflitter,0.476272722
Leaflitter,0.411688595
Leaflitter,0.076655732
Leaflitter,0.929075715
Leaflitter,0.814777622
Leaflitter,0.364609983
Leaflitter,0.621573948
Leaflitter,0.414463716
Leaflitter,0.220624235
Leaflitter,0.201859127
Leaflitter,0.677555685
Leaflitter,0.653156029
Leaflitter,0.315949545
Leaflitter,0.20365877
Leaflitter,0.435360231
Leaflitter,0.092389751
Leaflitter,0.364320985
Leaflitter,0.180521286
Leaflitter,0.31813766
Leaflitter,0.776708509
Leaflitter,0.866253192
Leaflitter,0.23234416
Leaflitter,0.294764698
Leaflitter,0.41361205
Leaflitter,0.525002361
Leaflitter,0.988963829
Leaflitter,0.686798705
Leaflitter,0.488935559
Leaflitter,0.620357095
Leaflitter,0.584448551
Leaflitter,0.944993613
Leaflitter,0.496252621
Leaflitter,0.473111041
Leaflitter,0.677524922
Leaflitter,0.009743789
Leaflitter,0.676017788
Leaflitter,0.394951086
Leaflitter,0.751486876
Leaflitter,0.947751915
Leaflitter,0.354254507
Leaflitter,0.359670204
Leaflitter,0.676157396
Leaflitter,0.03214579
Leaflitter,0.448068444
Leaflitter,0.346356569
Leaflitter,0.754097072
Leaflitter,0.430290829
Leaflitter,0.747657108
Leaflitter,0.721772866
Leaflitter,0.406827416
Leaflitter,0.444736073
Leaflitter,0.846607846
Leaflitter,0.446234824
Leaflitter,0.916764678
Leaflitter,0.076998044
Leaflitter,0.310281453
Leaflitter,0.550650071
Leaflitter,0.388881898
Leaflitter,0.839270935
Leaflitter,0.814451921
Leaflitter,0.647668727
Leaflitter,0.639471364
Leaflitter,0.105723689
Leaflitter,0.483187937
Leaflitter,0.562011118
Leaflitter,0.535608225
Leaflitter,0.219218537
Leaflitter,0.741220754
Leaflitter,0.875699665
Leaflitter,0.379339043
Leaflitter,0.022142511
Leaflitter,0.31604442
Leaflitter,0.083372645
Leaflitter,0.96218329
Leaflitter,0.573756497
Leaflitter,0.452109882
Leaflitter,0.438517023
Leaflitter,0.930399536
Leaflitter,0.569714953
Leaflitter,0.587004262
Leaflitter,0.565413576
Leaflitter,0.062750806
Leaflitter,0.557501027
Leaflitter,0.885191144
Leaflitter,0.023387802
Leaflitter,0.545798596
Leaflitter,0.687832831
Leaflitter,0.54591945
Leaflitter,0.043909524
Leaflitter,0.653435398
Leaflitter,0.728382483
Leaflitter,0.531452957
Leaflitter,0.204103836
Leaflitter,0.704561974
Leaflitter,0.909876358
Leaflitter,0.718261913
Leaflitter,0.829892333
Leaflitter,0.767932839
Leaflitter,0.484017454
Leaflitter,0.215025207
Leaflitter,0.408562402
Leaflitter,0.131398965
Leaflitter,0.198498694
Leaflitter,0.97300537
Leaflitter,0.76035065
Leaflitter,0.040417014
Leaflitter,0.679810829
Leaflitter,0.179271603
Leaflitter,0.486602006
Leaflitter,0.703363664
Leaflitter,0.787021352
Leaflitter,0.774335308
Leaflitter,0.016806873
Leaflitter,0.969450398
Leaflitter,0.947792012
Leaflitter,0.183059081
Leaflitter,0.286423009
Leaflitter,0.28031604
Leaflitter,0.587218308
Leaflitter,0.379752764
Leaflitter,0.573342655
Leaflitter,0.659051296
Leaflitter,0.688701953
Leaflitter,0.431583451
Leaflitter,0.61167242
Leaflitter,0.410884753
Leaflitter,0.577285816
Leaflitter,0.700787687
Leaflitter,0.665693546
Leaflitter,0.660684422
Leaflitter,0.802102743
Leaflitter,0.792062708
Leaflitter,0.437647568
Leaflitter,0.733226509
Leaflitter,0.656318747
Leaflitter,0.400640603
Leaflitter,0.681100814
Leaflitter,0.839638896
Leaflitter,0.328094449
Leaflitter,0.754030695
Leaflitter,0.746464793
Leaflitter,0.147360785
Leaflitter,0.138931213
Leaflitter,0.514111889
Leaflitter,0.600395756
Leaflitter,0.897231025
Leaflitter,0.887461128
Leaflitter,0.762239827
Leaflitter,0.274596691
Leaflitter,0.776164624
Leaflitter,0.814390764
Leaflitter,0.89892552
Leaflitter,0.378373616
Leaflitter,0.69310708
Leaflitter,0.197624725
Leaflitter,0.528723634
Leaflitter,0.883524076
Leaflitter,0.309264136
Leaflitter,0.568984425
Leaflitter,0.639924268
Leaflitter,0.370433457
Leaflitter,0.511705619
Leaflitter,0.792660446
Leaflitter,0.65876901
Leaflitter,0.573414483
Leaflitter,0.16986568
Leaflitter,0.242329641
Leaflitter,0.600385196
Leaflitter,0.776694064
Leaflitter,0.641375685
Leaflitter,0.894032687
Leaflitter,0.057387483
Leaflitter,0.783213354
Leaflitter,0.698524597
Leaflitter,0.201638702
Leaflitter,0.359297272
Leaflitter,0.690254496
Leaflitter,0.493807705
Leaflitter,0.708049867
Leaflitter,0.582748492
Leaflitter,0.734759196
Leaflitter,0.920830123
Leaflitter,0.497144326
Leaflitter,0.501435772
Leaflitter,0.289737067
Leaflitter,0.110783241
Leaflitter,0.222023404
Leaflitter,0.594019597
Leaflitter,0.407503751
Leaflitter,0.535007546
Leaflitter,0.551074118
Leaflitter,0.868312419
Leaflitter,0.779900939
Leaflitter,0.78604153
Leaflitter,0.916791612
Leaflitter,0.443615597
Leaflitter,0.148871247
Leaflitter,0.366515958
Leaflitter,0.353865014
Leaflitter,0.460434518
Leaflitter,0.457401034
Leaflitter,0.469206405
Leaflitter,0.71130005
Leaflitter,0.369217467
Leaflitter,0.602337209
Leaflitter,0.709833819
Leaflitter,0.56729828
Leaflitter,0.156029172
Leaflitter,0.710147427
Leaflitter,0.152706365
Leaflitter,0.869319176
Leaflitter,0.494725458
Leaflitter,0.32726351
Leaflitter,0.154140315
Leaflitter,0.577139529
Leaflitter,0.579345035
Leaflitter,0.828378513
Leaflitter,0.583467875
Leaflitter,0.449323829
Leaflitter,0.224823707
Leaflitter,0.92401445
Leaflitter,0.824570302
Leaflitter,0.638564558
Leaflitter,0.351527527
Leaflitter,0.164433388
Leaflitter,0.399693357
Leaflitter,0.520040027
Leaflitter,0.01859721
Leaflitter,0.666045431
Leaflitter,0.13504883
Leaflitter,0.665836873
Leaflitter,0.899495914
Leaflitter,0.199775174
Leaflitter,0.869810796
Leaflitter,0.40433172
Leaflitter,0.872787802
Leaflitter,0.493459876
Leaflitter,0.810546276
Leaflitter,0.754445937
Leaflitter,0.107699106
Leaflitter,0.639881261
Leaflitter,0.849324776
Leaflitter,0.865825392
Leaflitter,0.931321712
Leaflitter,0.378350003
Leaflitter,0.585824891
Leaflitter,0.593742832
Leaflitter,0.863501811
Leaflitter,0.404441031
Leaflitter,0.320360363
Leaflitter,0.556380091
Leaflitter,0.633095235
Leaflitter,0.264248019
Leaflitter,0.577926673
Leaflitter,0.918765468
Leaflitter,0.591484658
Leaflitter,0.311776738
Leaflitter,0.548063568
Leaflitter,0.470056802
Leaflitter,0.298921985
Leaflitter,0.490569014
Leaflitter,0.81526137
Leaflitter,0.183481243
Leaflitter,0.035040991
Leaflitter,0.508051228
Leaflitter,0.574634783
Leaflitter,0.288310673
Leaflitter,0.594160424
Leaflitter,0.296097374
Leaflitter,0.655137041
Leaflitter,0.961266303
Leaflitter,0.417238209
Leaflitter,0.677649903
Leaflitter,0.059604475
Leaflitter,0.469409238
Leaflitter,0.708812223
Leaflitter,0.913933316
Leaflitter,0.531150375
Leaflitter,0.324069316
Leaflitter,0.711885262
Leaflitter,0.396301241
Leaflitter,0.616617274
Leaflitter,0.485064264
Leaflitter,0.666598912
Leaflitter,0.542692537
Leaflitter,0.761868014
Leaflitter,0.24654649
Leaflitter,0.767351284
Leaflitter,0.052074125
Leaflitter,0.516853598
Leaflitter,0.171390076
Leaflitter,0.766709646
Leaflitter,0.850867193
Leaflitter,0.483620113
Leaflitter,0.893688999
Leaflitter,0.563927081
Leaflitter,0.542473385
Leaflitter,0.529522642
Leaflitter,0.772126649
Leaflitter,0.903878007
Leaflitter,0.458292416
Leaflitter,0.105085182
Leaflitter,0.742896788
Leaflitter,0.607585057
Leaflitter,0.664982299
Leaflitter,0.708550807
Leaflitter,0.317305348
Leaflitter,0.54035125
Leaflitter,0.599185103
Leaflitter,0.411955259
Leaflitter,0.51454168
Leaflitter,0.279864957
Leaflitter,0.732137814
Leaflitter,0.021568783
Leaflitter,0.456656525
Leaflitter,0.811211939
Leaflitter,0.816771307
Leaflitter,0.562036888
Leaflitter,0.380343944
Leaflitter,0.276844878
Leaflitter,0.98562758
Leaflitter,0.880365377
Leaflitter,0.693674134
Leaflitter,0.544950625
Leaflitter,0.322726179
Leaflitter,0.917669091
Leaflitter,0.872702754
Leaflitter,0.638967229
Leaflitter,0.315940998
Leaflitter,0.830831129
Leaflitter,0.775001143
Leaflitter,0.366956814
Leaflitter,0.527400195
Leaflitter,0.61680841
Leaflitter,0.572514414
Leaflitter,0.095398721
Leaflitter,0.810179843
Leaflitter,0.08126544
Leaflitter,0.292756386
Leaflitter,0.644536215
Leaflitter,0.590396592
Leaflitter,0.683059234
Leaflitter,0.891396869
Leaflitter,0.568630181
Leaflitter,0.79490936
Leaflitter,0.045859802
Leaflitter,0.516014494
Leaflitter,0.797978199
Leaflitter,0.533050463
Leaflitter,0.267371765
Leaflitter,0.963235268
Leaflitter,0.021567599
Leaflitter,0.766366502
Leaflitter,0.928944427
Leaflitter,0.426015797
Leaflitter,0.242849552
Leaflitter,0.54341456
Leaflitter,0.404806632
Leaflitter,0.394338829
Leaflitter,0.24860608
Leaflitter,0.424999016
Leaflitter,0.615667664
Leaflitter,0.832675559
Leaflitter,0.046040196
Leaflitter,0.617656515
Leaflitter,0.889980166
Leaflitter,0.482390419
Leaflitter,0.890418847
Leaflitter,0.642110398
Leaflitter,0.849489697
Leaflitter,0.79399708
Leaflitter,0.564980057
Leaflitter,0.696054626
Leaflitter,0.616376108
Leaflitter,0.370403365
Leaflitter,0.253979923
Leaflitter,0.456142236
Leaflitter,0.089215132
Leaflitter,0.651421073
Leaflitter,0.436924882
Leaflitter,0.895394737
Leaflitter,0.455225136
Leaflitter,0.5523009
Leaflitter,0.208015848
Leaflitter,0.691295086
Leaflitter,0.333645986
Leaflitter,0.958886311
Leaflitter,0.594842906
Leaflitter,0.51159451
Leaflitter,0.306666043
Leaflitter,0.539687029
Leaflitter,0.692678746
Leaflitter,0.145986034
Leaflitter,0.368461864
Leaflitter,0.859450436
Leaflitter,0.506447381
Leaflitter,0.773011533
Leaflitter,0.622652183
Leaflitter,0.493437276
Leaflitter,0.526024142
Leaflitter,0.779705144
Leaflitter,0.557728643
Leaflitter,0.83978998
Leaflitter,0.552373954
Leaflitter,0.862341498
Leaflitter,0.434019867
Leaflitter,0.781199587
Leaflitter,0.414209216
Leaflitter,0.179533085
Leaflitter,0.304592636
Leaflitter,0.710160723
Leaflitter,0.290872777
Leaflitter,0.634395531
Leaflitter,0.673553958
Leaflitter,0.267843749
Leaflitter,0.697903555
Leaflitter,0.51114796
Leaflitter,0.421639484
Leaflitter,0.736812009
Leaflitter,0.781561748
Leaflitter,0.53909182
Leaflitter,0.435437131
Leaflitter,0.619626465
Leaflitter,0.657225723
Leaflitter,0.576106426
Leaflitter,0.549664572
Leaflitter,0.356855975
Leaflitter,0.464271866
Leaflitter,0.401181218
Leaflitter,0.480028478
Leaflitter,0.843975954
Leaflitter,0.132921466
Leaflitter,0.908686076
Leaflitter,0.826738215
Leaflitter,0.410833881
Leaflitter,0.583083429
Leaflitter,0.759393122
Leaflitter,0.442753013
Leaflitter,0.900822082
Leaflitter,0.736777656
Leaflitter,0.620350439
Leaflitter,0.24088531
Leaflitter,0.901734127
Leaflitter,0.760798674
Leaflitter,0.235209987
Leaflitter,0.188576417
Leaflitter,0.766837084
Leaflitter,0.580058991
Leaflitter,0.735800321
Leaflitter,0.279990787
Leaflitter,0.814609727
Leaflitter,0.188210086
Leaflitter,0.941353509
Leaflitter,0.537895083
Leaflitter,0.735078796
Leaflitter,0.891474852
Leaflitter,0.451803012
Leaflitter,0.241648877
Leaflitter,0.415787876
Leaflitter,0.764265908
Leaflitter,0.555476521
Leaflitter,0.330461894
Leaflitter,0.09175892
Leaflitter,0.313126489
Leaflitter,0.834627671
Leaflitter,0.790821267
Leaflitter,0.090119332
Leaflitter,0.754390053
Leaflitter,0.081241406
Leaflitter,0.60158339
Leaflitter,0.678631184
Leaflitter,0.332304724
Leaflitter,0.853492018
Leaflitter,0.911614595
Leaflitter,0.571127846
Leaflitter,0.587887115
Leaflitter,0.243150903
Leaflitter,0.172640117
Leaflitter,0.853298996
Leaflitter,0.625246347
Leaflitter,0.460188666
Leaflitter,0.205474482
Leaflitter,0.384007869
Leaflitter,0.866460319
Leaflitter,0.66607157
Leaflitter,0.764725929
Leaflitter,0.353853815
Leaflitter,0.778544409
Leaflitter,0.435372768
Leaflitter,0.563426684
Leaflitter,0.339985351
Leaflitter,0.105714767
Leaflitter,0.358087089
Leaflitter,0.243374379
Leaflitter,0.880566134
Leaflitter,0.68883197
Leaflitter,0.185542666
Leaflitter,0.857374089
Leaflitter,0.771782049
Leaflitter,0.784606008
Leaflitter,0.628185166
Leaflitter,0.422730716
Leaflitter,0.914125439
Leaflitter,0.671690465
Leaflitter,0.772757339
Leaflitter,0.212041826
Leaflitter,0.528275914
Leaflitter,0.345761144
Leaflitter,0.25602293
Leaflitter,0.793135124
Leaflitter,0.277887655
Leaflitter,0.777358324
Leaflitter,0.41286402
Leaflitter,0.228336333
Leaflitter,0.601130036
Leaflitter,0.781082193
Leaflitter,0.221087704
Leaflitter,0.511965832
Leaflitter,0.406181058
Leaflitter,0.327257445
Leaflitter,0.78526398
Leaflitter,0.195467702
Leaflitter,0.558583693
Leaflitter,0.245218257
Leaflitter,0.523140846
Leaflitter,0.460708375
Leaflitter,0.793495553
Leaflitter,0.482392605
Leaflitter,0.475320768
Leaflitter,0.838420387
Leaflitter,0.730031298
Leaflitter,0.278599408
Leaflitter,0.621438984
Leaflitter,0.634180004
Leaflitter,0.533411963
Leaflitter,0.410818287
Leaflitter,0.478115355
Leaflitter,0.200208071
Leaflitter,0.885691987
Leaflitter,0.278430049
Leaflitter,0.283736161
Leaflitter,0.850790061
Leaflitter,0.240080296
Leaflitter,0.653708203
Leaflitter,0.351541395
Leaflitter,0.140667602
Leaflitter,0.536994808
Leaflitter,0.8486454
Leaflitter,0.462053955
Leaflitter,0.09600673
Leaflitter,0.589904156
Leaflitter,0.44910519
Leaflitter,0.660966933
Leaflitter,0.182775471
Leaflitter,0.144360703
Leaflitter,0.258494006
Leaflitter,0.669308712
Leaflitter,0.632398253
Leaflitter,0.474523782
Leaflitter,0.704144184
Leaflitter,0.288057823
Leaflitter,0.611287596
Leaflitter,0.592721917
Leaflitter,0.597336953
Leaflitter,0.554212856
Leaflitter,0.287388808
Leaflitter,0.763698291
Leaflitter,0.753289188
Leaflitter,0.608939837
Leaflitter,0.653418391
Leaflitter,0.126762638
Leaflitter,0.490207749
Leaflitter,0.493337535
Leaflitter,0.036120849
Leaflitter,0.61421497
Leaflitter,0.37885302
Leaflitter,0.381150641
Leaflitter,0.489497259
Leaflitter,0.185360382
Leaflitter,0.504539321
Leaflitter,0.448562034
Leaflitter,0.168563293
Leaflitter,0.270182706
Leaflitter,0.126593212
Leaflitter,0.26051734
Leaflitter,0.311190913
Leaflitter,0.737458481
Leaflitter,0.562642708
Leaflitter,0.070968395
Leaflitter,0.18952611
Leaflitter,0.676411876
Leaflitter,0.51777553
Leaflitter,0.44879793
Leaflitter,0.704568839
Leaflitter,0.418826496
Leaflitter,0.364157769
Leaflitter,0.261759429
Leaflitter,0.770232969
Leaflitter,0.841897542
Leaflitter,0.320117534
Leaflitter,0.228161077
Leaflitter,0.581232679
Leaflitter,0.236526832
Leaflitter,0.517941884
Leaflitter,0.70511338
Leaflitter,0.649200775
Leaflitter,0.280273004
Leaflitter,0.414622472
Leaflitter,0.737802475
Leaflitter,0.253649745
Leaflitter,0.245962404
Leaflitter,0.545779482
Leaflitter,0.779237254
Leaflitter,0.191087085
Leaflitter,0.201345166
Leaflitter,0.935092171
Leaflitter,0.565047344
Leaflitter,0.660324826
Leaflitter,0.686080793
Leaflitter,0.754825138
Leaflitter,0.357800012
Leaflitter,0.506575943
Leaflitter,0.801835001
Leaflitter,0.342443654
Leaflitter,0.864490048
Leaflitter,0.307005076
Leaflitter,0.632779397
Leaflitter,0.704226301
Leaflitter,0.611003455
Leaflitter,0.627419332
Leaflitter,0.600557039
Leaflitter,0.475435552
Leaflitter,0.443468335
Leaflitter,0.596701519
Leaflitter,0.448141402
Leaflitter,0.231446288
Leaflitter,0.354501054
Leaflitter,0.608999199
Leaflitter,0.936328715
Leaflitter,0.814815599
Leaflitter,0.439782446
Leaflitter,0.619793953
Leaflitter,0.56294454
Leaflitter,0.826082461
Leaflitter,0.835777233
Leaflitter,0.340500012
Leaflitter,0.362679801
Leaflitter,0.366917993
Leaflitter,0.871778862
Leaflitter,0.587521169
Leaflitter,0.101264511
Leaflitter,0.501854488
Leaflitter,0.630330905
Leaflitter,0.532211483
Leaflitter,0.833557483
Leaflitter,0.798692304
Leaflitter,0.664578025
Leaflitter,0.482703657
Leaflitter,0.651651611
Leaflitter,0.255446054
Leaflitter,0.51845255
Leaflitter,0.35613499
Leaflitter,0.804539683
Leaflitter,0.648268134
Leaflitter,0.903774033
Leaflitter,0.904183339
Leaflitter,0.498066042
Leaflitter,0.662232174
Leaflitter,0.521561031
Leaflitter,0.495396776
Leaflitter,0.819456098
Leaflitter,0.551549596
Leaflitter,0.42925874
Leaflitter,0.953582696
Leaflitter,0.873802356
Leaflitter,0.379513077
Leaflitter,0.631618093
Leaflitter,0.554051018
Leaflitter,0.698083189
Leaflitter,0.391232502
Leaflitter,0.377024051
Leaflitter,0.59129687
Leaflitter,0.662718203
Leaflitter,0.559843463
Leaflitter,0.315907211
Leaflitter,0.544282117
Leaflitter,0.869494466
Leaflitter,0.663620129
Leaflitter,0.406565179
Leaflitter,0.829301444
Leaflitter,0.188521173
Leaflitter,0.75985613
Leaflitter,0.710035872
Leaflitter,0.807915576
Leaflitter,0.449020077
Leaflitter,0.734185804
Leaflitter,0.691684407
Leaflitter,0.707338116
Leaflitter,0.363068831
Leaflitter,0.475285544
Leaflitter,0.438861025
Leaflitter,0.140751944
Leaflitter,0.402983603
Leaflitter,0.745368005
Leaflitter,0.931779062
Leaflitter,0.158525362
Leaflitter,0.490554767
Leaflitter,0.594947986
Leaflitter,0.099143401
Leaflitter,0.166035161
Leaflitter,0.711464291
Leaflitter,0.888248485
Leaflitter,0.530960992
Leaflitter,0.304534636
Leaflitter,0.615080058
Leaflitter,0.428500902
Leaflitter,0.841329379
Leaflitter,0.532469425
Leaflitter,0.468883198
Leaflitter,0.60971439
Leaflitter,0.779371006
Leaflitter,0.377446525
Leaflitter,0.117320208
Leaflitter,0.356895755
Leaflitter,0.509443068
Leaflitter,0.851696315
Leaflitter,0.263013063
Leaflitter,0.608513795
Leaflitter,0.839797602
Leaflitter,0.28091293
Leaflitter,0.406815666
Leaflitter,0.417845762
Leaflitter,0.521450909
Leaflitter,0.991816193
Leaflitter,0.638853915
Leaflitter,0.590333515
Leaflitter,0.472785137
Leaflitter,0.763577534
Leaflitter,0.764545624
Leaflitter,0.725702027
Leaflitter,0.562206806
Leaflitter,0.541784202
Leaflitter,0.449777407
Leaflitter,0.343353303
Leaflitter,0.770248716
Leaflitter,0.718951089
Leaflitter,0.722286641
Leaflitter,0.555234687
Leaflitter,0.724038612
Leaflitter,0.367547204
Leaflitter,0.381283763
Leaflitter,0.73764664
Leaflitter,0.726747989
Leaflitter,0.250144745
Leaflitter,0.4584435
Leaflitter,0.370816675
Leaflitter,0.668740725
Leaflitter,0.123864438
Leaflitter,0.354445256
Leaflitter,0.762245452
Leaflitter,0.567690891
Leaflitter,0.442046201
Leaflitter,0.357617825
Leaflitter,0.330924795
Leaflitter,0.540583324
Leaflitter,0.522713224
Leaflitter,0.379327824
Leaflitter,0.418149253
Leaflitter,0.500958259
Leaflitter,0.473999403
Leaflitter,0.600184866
Leaflitter,0.818172546
Leaflitter,0.100169617
Leaflitter,0.369506564
Leaflitter,0.246155668
Leaflitter,0.426510935
Leaflitter,0.509378455
Leaflitter,0.541393911
Leaflitter,0.03796927
Leaflitter,0.86131146
Leaflitter,0.462754679
Leaflitter,0.499429041
Leaflitter,0.003603888
Leaflitter,0.854837682
Leaflitter,0.812706833
Leaflitter,0.392477833
Leaflitter,0.921311493
Leaflitter,0.452130104
Leaflitter,0.338170055
Leaflitter,0.367873865
Leaflitter,0.372165897
Leaflitter,0.3263203
Leaflitter,0.241482187
Leaflitter,0.585693843
Leaflitter,0.668793555
Leaflitter,0.769165094
Leaflitter,0.44675453
Leaflitter,0.654475992
Leaflitter,0.256616334
Leaflitter,0.153403858
Leaflitter,0.427394756
Leaflitter,0.387010496
Leaflitter,0.835059176
Leaflitter,0.087314249
Leaflitter,0.060556106
Leaflitter,0.478458684
Leaflitter,0.754597075
Leaflitter,0.327066098
Leaflitter,0.664032612
Leaflitter,0.609332323
Leaflitter,0.504181708
Leaflitter,0.704873543
Leaflitter,0.029659792
Leaflitter,0.524904676
Leaflitter,0.249688709
Leaflitter,0.772972842
Leaflitter,0.437196541
Leaflitter,0.945435464
Leaflitter,0.221323956
Leaflitter,0.850833765
Leaflitter,0.026762483
Leaflitter,0.620052595
Leaflitter,0.672990238
Leaflitter,0.880661822
Leaflitter,0.539563597
Leaflitter,0.756856452
Leaflitter,0.525007634
Leaflitter,0.112392164
Leaflitter,0.634150728
Leaflitter,0.428942086
Leaflitter,0.578551579
Leaflitter,0.610974998
Leaflitter,0.026798655
Leaflitter,0.27124998
Leaflitter,0.238557062
Leaflitter,0.31845339
Leaflitter,0.83183019
Leaflitter,0.80601202
Leaflitter,0.73141152
Leaflitter,0.778594482
Leaflitter,0.209318855
Leaflitter,0.742754451
Leaflitter,0.405950885
Leaflitter,0.78269963
Leaflitter,0.620137938
Leaflitter,0.392377817
Leaflitter,0.537428983
Leaflitter,0.399412979
Leaflitter,0.463700408
Leaflitter,0.85787209
Leaflitter,0.674220525
Leaflitter,0.621879829
Leaflitter,0.574237065
Leaflitter,0.563640077
Leaflitter,0.50647882
Leaflitter,0.089861311
Leaflitter,0.823711023
Leaflitter,0.431774599
Leaflitter,0.475598678
Leaflitter,0.849855102
Leaflitter,0.191091247
Leaflitter,0.671453281
Leaflitter,0.473899686
Leaflitter,0.75696294
Leaflitter,0.084800093
Leaflitter,0.488354564
Leaflitter,0.779187879
Leaflitter,0.417632761
Leaflitter,0.664489136
Leaflitter,0.918773465
Leaflitter,0.783157405
Leaflitter,0.245988627
Leaflitter,0.654496335
Leaflitter,0.724135484
Leaflitter,0.456061404
Leaflitter,0.70951641
Leaflitter,0.508770021
Leaflitter,0.416241298
Leaflitter,0.814327948
Leaflitter,0.739985384
Leaflitter,0.756279442
Leaflitter,0.472974542
Leaflitter,0.806621502
Leaflitter,0.731555117
Leaflitter,0.385986788
Leaflitter,0.783775795
Leaflitter,0.306213227
Leaflitter,0.055631478
Leaflitter,0.502950887
Leaflitter,0.701629161
Leaflitter,0.560433247
Leaflitter,0.823227145
Leaflitter,0.303761206
Leaflitter,0.508452899
Leaflitter,0.655765399
Leaflitter,0.801451896
Leaflitter,0.92322929
Leaflitter,0.642560326
Leaflitter,0.321160472
Leaflitter,0.904642081
Leaflitter,0.480383773
Leaflitter,0.878832739
Leaflitter,0.700829876
Leaflitter,0.746487803
Leaflitter,0.371860136
Leaflitter,0.731280787
Leaflitter,0.412630537
Leaflitter,0.69729911
Leaflitter,0.277830164
Leaflitter,0.825237157
Leaflitter,0.389671691
Leaflitter,0.343499273
Leaflitter,0.82761321
Leaflitter,0.842391554
Leaflitter,0.638508008
Leaflitter,0.831720775
Leaflitter,0.855644455
Leaflitter,0.811577844
Leaflitter,0.210606001
Leaflitter,0.076185312
Leaflitter,0.521419482
Leaflitter,0.733555992
Leaflitter,0.944219125
Leaflitter,0.425077459
Leaflitter,0.587252833
Leaflitter,0.241936376
Leaflitter,0.759340348
Leaflitter,0.321884136
Leaflitter,0.225317518
Leaflitter,0.718277079
Leaflitter,0.183194907
Leaflitter,0.461839785
Leaflitter,0.758331741
Leaflitter,0.369537846
Leaflitter,0.399421118
Leaflitter,0.897946108
Leaflitter,0.414983639
Leaflitter,0.374968096
Leaflitter,0.424031438
Leaflitter,0.747963364
Leaflitter,0.249141701
Leaflitter,0.236702732
Leaflitter,0.866802951
Leaflitter,0.555097306
Leaflitter,0.629414018
Leaflitter,0.477715914
Leaflitter,0.564288475
Leaflitter,0.883682782
Leaflitter,0.653179204
Leaflitter,0.468756915
Leaflitter,0.685972354
Leaflitter,0.59385048
Leaflitter,0.171465363
Leaflitter,0.423356336
Leaflitter,0.582372121
Leaflitter,0.771233297
Leaflitter,0.869298712
Leaflitter,0.455652672
Leaflitter,0.868562273
Leaflitter,0.294169437
Leaflitter,0.265622181
Leaflitter,0.144287205
Leaflitter,0.63198589
Leaflitter,0.211912269
Leaflitter,0.196233892
Leaflitter,0.28951648
Leaflitter,0.60896417
Leaflitter,0.307828787
Leaflitter,0.281386853
Leaflitter,0.589510141
Leaflitter,0.862939379
Leaflitter,0.442861508
Leaflitter,0.735809667
Leaflitter,0.418482761
Leaflitter,0.613527518
Leaflitter,0.150890737
Leaflitter,0.332249536
Leaflitter,0.209142259
Leaflitter,0.858131454
Leaflitter,0.280128539
Leaflitter,0.372361064
Leaflitter,0.403170081
Leaflitter,0.423087241
Leaflitter,0.824701261
Leaflitter,0.013914734
Leaflitter,0.762535372
Leaflitter,0.673520178
Leaflitter,0.785259946
Leaflitter,0.322948839
Leaflitter,0.305934624
Leaflitter,0.695144664
Leaflitter,0.53991585
Leaflitter,0.401647799
Leaflitter,0.908076993
Leaflitter,0.757193892
Leaflitter,0.668277297
Leaflitter,0.160369445
Leaflitter,0.63968177
Leaflitter,0.528538758
Leaflitter,0.172461312
Leaflitter,0.169972395
Leaflitter,0.539869932
Leaflitter,0.539643097
Leaflitter,0.235901114
Leaflitter,0.189020882
Leaflitter,0.854622465
Leaflitter,0.29243377
Leaflitter,0.606447805
Leaflitter,0.080848728
Leaflitter,0.870844603
Leaflitter,0.773811641
Leaflitter,0.257865482
Leaflitter,0.774438113
Leaflitter,0.490622754
Leaflitter,0.656161922
Leaflitter,0.646998964
Leaflitter,0.772172599
Leaflitter,0.202002632
Leaflitter,0.601695288
Leaflitter,0.761890727
Leaflitter,0.45426203
Leaflitter,0.737184231
Leaflitter,0.519643085
Leaflitter,0.216093156
Leaflitter,0.688086916
Leaflitter,0.352774071
Leaflitter,0.466449671
Leaflitter,0.144303535
Leaflitter,0.934402263
Leaflitter,0.803976185
Leaflitter,0.268711626
Leaflitter,0.215652708
Leaflitter,0.314457117
Leaflitter,0.864675227
Leaflitter,0.332256924
Leaflitter,0.148603841
Leaflitter,0.163562705
Leaflitter,0.624924389
Leaflitter,0.810314831
Leaflitter,0.91933688
Leaflitter,0.852165572
Leaflitter,0.802467802
Leaflitter,0.388469314
Leaflitter,0.413559304
Leaflitter,0.907002706
Leaflitter,0.50224038
Leaflitter,0.427093971
Leaflitter,0.372132609
Leaflitter,0.760895216
Leaflitter,0.90925557
Leaflitter,0.740234909
Leaflitter,0.78993496
Leaflitter,0.246237973
Leaflitter,0.492893673
Leaflitter,0.783146746
Leaflitter,0.169435314
Leaflitter,0.189025088
Leaflitter,0.269603494
Leaflitter,0.79598404
Leaflitter,0.743208737
Leaflitter,0.220116242
Leaflitter,0.307292023
Leaflitter,0.820681851
Leaflitter,0.717885006
Leaflitter,0.389243122
Leaflitter,0.346206834
Leaflitter,0.7996654
Leaflitter,0.002330813
Leaflitter,0.813971001
Leaflitter,0.752331811
Leaflitter,0.096485666
Leaflitter,0.760863645
Leaflitter,0.584935137
Leaflitter,0.63760181
Leaflitter,0.509828516
Leaflitter,0.527035252
Leaflitter,0.430202535
Leaflitter,0.409045642
Leaflitter,0.578739934
Leaflitter,0.758078044
Leaflitter,0.372351886
Leaflitter,0.770077265
Leaflitter,0.111818993
Leaflitter,0.275447043
Leaflitter,0.896026799
Leaflitter,0.174373686
Leaflitter,0.966933413
Leaflitter,0.386575123
Leaflitter,0.242800672
Leaflitter,0.581743842
Leaflitter,0.485391464
Leaflitter,0.753355859
Leaflitter,0.271585209
Leaflitter,0.716761475
Leaflitter,0.089952824
Leaflitter,0.5173932
Leaflitter,0.797233157
Leaflitter,0.239604977
Leaflitter,0.156104621
Leaflitter,0.264880284
Leaflitter,0.364032067
Leaflitter,0.327540858
Leaflitter,0.823352276
Leaflitter,0.646219873
Leaflitter,0.242973202
Leaflitter,0.940753631
Leaflitter,0.058768783
Leaflitter,0.869177485
Leaflitter,0.692231148
Leaflitter,0.260157946
Leaflitter,0.108125117
Leaflitter,0.760438971
Leaflitter,0.30301049
Leaflitter,0.42586158
Leaflitter,0.392971316
Leaflitter,0.92906623
Leaflitter,0.620469688
Leaflitter,0.632328684
Leaflitter,0.750434792
Leaflitter,0.517610381
Leaflitter,0.832570191
Leaflitter,0.544521398
Leaflitter,0.436534419
Leaflitter,0.762787644
Leaflitter,0.693576602
Leaflitter,0.415583693
Leaflitter,0.44895908
Leaflitter,0.644877838
Leaflitter,0.655444777
Leaflitter,0.833410288
Leaflitter,0.782793116
Leaflitter,0.293094166
Leaflitter,0.652481868
Leaflitter,0.833285614
Leaflitter,0.639106004
Leaflitter,0.803183479
Leaflitter,0.575493035
Leaflitter,0.583020265
Leaflitter,0.845774666
Leaflitter,0.094362778
Leaflitter,0.69129355
Leaflitter,0.047550672
Leaflitter,0.453396854
Leaflitter,0.83155782
Leaflitter,0.516772208
Leaflitter,0.694058337
Leaflitter,0.292517258
Leaflitter,0.434008825
Leaflitter,0.55485081
Leaflitter,0.674409359
Leaflitter,0.095576323
Leaflitter,0.386658305
Leaflitter,0.506847021
Leaflitter,0.202437271
Leaflitter,0.677112874
Leaflitter,0.770527586
Leaflitter,0.471496734
Leaflitter,0.087734926
Leaflitter,0.797784515
Leaflitter,0.56067569
Leaflitter,0.740203606
Leaflitter,0.915887074
Leaflitter,0.749820332
Leaflitter,0.787658712
Leaflitter,0.500161209
Leaflitter,0.687241751
Leaflitter,0.246892645
Leaflitter,0.673178263
Leaflitter,0.436235559
Leaflitter,0.852466729
Leaflitter,0.316877854
Leaflitter,0.675444559
Leaflitter,0.672889539
Leaflitter,0.618827527
Leaflitter,0.909852153
Leaflitter,0.532965701
Leaflitter,0.023260779
Leaflitter,0.760117917
Leaflitter,0.781123379
Leaflitter,0.487674445
Leaflitter,0.615004383
Leaflitter,0.464522547
Leaflitter,0.701498305
Leaflitter,0.601037401
Leaflitter,0.781958466
Leaflitter,0.949565957
Leaflitter,0.425691211
Leaflitter,0.524123027
Leaflitter,0.195705003
Leaflitter,0.351593152
Leaflitter,0.572701202
Leaflitter,0.799436692
Leaflitter,0.701730801
Leaflitter,0.454057418
Leaflitter,0.834700345
Leaflitter,0.6356467
Leaflitter,0.28048021
Leaflitter,0.07411679
Leaflitter,0.677723262
Leaflitter,0.734679292
Leaflitter,0.849525795
Leaflitter,0.848700519
Leaflitter,0.775604616
Leaflitter,0.152934955
Leaflitter,0.153902973
Leaflitter,0.404228233
Leaflitter,0.369196038
Leaflitter,0.38799313
Leaflitter,0.202793122
Leaflitter,0.825699752
Leaflitter,0.599957705
Leaflitter,0.49593487
Leaflitter,0.497543419
Leaflitter,0.533440385
Leaflitter,0.348841998
Leaflitter,0.562386651
Leaflitter,0.564282958
Leaflitter,0.378308054
Leaflitter,0.658349861
Leaflitter,0.121205121
Leaflitter,0.981661589
Leaflitter,0.374458681
Leaflitter,0.446140403
Leaflitter,0.858199426
Leaflitter,0.698005076
Leaflitter,0.390551445
Leaflitter,0.621999993
Leaflitter,0.934910911
Leaflitter,0.374127115
Leaflitter,0.920134593
Leaflitter,0.295779578
Leaflitter,0.773621171
Leaflitter,0.578314197
Leaflitter,0.288590903
Leaflitter,0.685655313
Leaflitter,0.837765143
Leaflitter,0.751027294
Leaflitter,0.617568481
Leaflitter,0.188277511
Leaflitter,0.801350804
Leaflitter,0.84667239
Leaflitter,0.757720015
Leaflitter,0.474679349
Leaflitter,0.342223894
Leaflitter,0.092019051
Leaflitter,0.666993391
Leaflitter,0.246736993
Leaflitter,0.014769395
Leaflitter,0.366697956
Leaflitter,0.500761136
Leaflitter,0.267473494
Leaflitter,0.364981619
Leaflitter,0.811806154
Leaflitter,0.223229013
Leaflitter,0.421244584
Leaflitter,0.751285106
Leaflitter,0.10849644
Leaflitter,0.808284892
Leaflitter,0.327358274
Leaflitter,0.724752487
Leaflitter,0.561603851
Leaflitter,0.649587739
Leaflitter,0.346188527
Leaflitter,0.927060474
Leaflitter,0.272439999
Leaflitter,0.655982346
Leaflitter,0.163083477
Leaflitter,0.698112873
Leaflitter,0.832518372
Leaflitter,0.756116095
Leaflitter,0.124421696
Leaflitter,0.393794425
Leaflitter,0.133962718
Leaflitter,0.723668123
Leaflitter,0.159617306
Leaflitter,0.884693862
Leaflitter,0.443067372
Leaflitter,0.863708352
Leaflitter,0.775887763
Leaflitter,0.227064543
Leaflitter,0.543698248
Leaflitter,0.712720559
Leaflitter,0.055845959
Leaflitter,0.329784469
Leaflitter,0.845888781
Leaflitter,0.862802422
Leaflitter,0.034325134
Leaflitter,0.468359604
Leaflitter,0.933360459
Leaflitter,0.33701248
Leaflitter,0.776611904
Leaflitter,0.73060685
Leaflitter,0.830671403
Leaflitter,0.691831717
Leaflitter,0.032790526
Leaflitter,0.302947553
Leaflitter,0.599860595
Leaflitter,0.368012439
Leaflitter,0.783416458
Leaflitter,0.196782092
Leaflitter,0.452536704
Leaflitter,0.789764744
Leaflitter,0.320298425
Leaflitter,0.18594838
Leaflitter,0.045096622
Leaflitter,0.255159071
Leaflitter,0.868171697
Leaflitter,0.579363824
Leaflitter,0.629213747
Leaflitter,0.797098559
Leaflitter,0.353806908
Leaflitter,0.517956884
Leaflitter,0.375034744
Leaflitter,0.355457542
Leaflitter,0.721858845
Leaflitter,0.748901573
Leaflitter,0.789404152
Leaflitter,0.184127761
Leaflitter,0.113219448
Leaflitter,0.790133842
Leaflitter,0.088939474
Leaflitter,0.421411025
Leaflitter,0.063352763
Leaflitter,0.490742121
Leaflitter,0.708168774
Leaflitter,0.942600568
Leaflitter,0.249653865
Leaflitter,0.319894637
Leaflitter,0.294650105
Leaflitter,0.57977656
Leaflitter,0.230501543
Leaflitter,0.82263509
Leaflitter,0.741295825
Leaflitter,0.808424202
Leaflitter,0.809590007
Leaflitter,0.125395397
Leaflitter,0.62829544
Leaflitter,0.545849724
Leaflitter,0.77930645
Leaflitter,0.111866419
Leaflitter,0.569565852
Leaflitter,0.854069548
Leaflitter,0.759383891
Leaflitter,0.744733694
Leaflitter,0.593947491
Leaflitter,0.835157425
Leaflitter,0.739108404
Leaflitter,0.86928757
Leaflitter,0.617647917
Leaflitter,0.463974803
Leaflitter,0.608471776
Leaflitter,0.448989271
Leaflitter,0.638689493
Leaflitter,0.405013242
Leaflitter,0.585959856
Leaflitter,0.179215425
Leaflitter,0.363595025
Leaflitter,0.702173388
Leaflitter,0.819010645
Leaflitter,0.455526654
Leaflitter,0.477087214
Leaflitter,0.606876429
Leaflitter,0.380862671
Leaflitter,0.602065048
Leaflitter,0.656046565
Leaflitter,0.23223226
Leaflitter,0.377486697
Leaflitter,0.292731289
Leaflitter,0.663583631
Leaflitter,0.698851085
Leaflitter,0.978010757
Leaflitter,0.119481097
Leaflitter,0.680197104
Leaflitter,0.579016002
Leaflitter,0.927954502
Leaflitter,0.73341477
Leaflitter,0.360786394
Leaflitter,0.727129841
Leaflitter,0.298225255
Leaflitter,0.324505298
Leaflitter,0.239935359
Leaflitter,0.342449722
Leaflitter,0.357345924
Leaflitter,0.231585158
Leaflitter,0.330745319
Leaflitter,0.451976947
Leaflitter,0.984875625
Leaflitter,0.796675851
Leaflitter,0.034489893
Leaflitter,0.342393104
Leaflitter,0.723540785
Leaflitter,0.268714286
Leaflitter,0.762360026
Leaflitter,0.638833621
Leaflitter,0.409751591
Leaflitter,0.864604553
Leaflitter,0.490103007
Leaflitter,0.561590538
Leaflitter,0.340970572
Leaflitter,0.731755116
Leaflitter,0.395481681
Leaflitter,0.52586317
Leaflitter,0.566011897
Leaflitter,0.824417628
Leaflitter,0.788341947
Leaflitter,0.287712828
Leaflitter,0.772972037
Leaflitter,0.292900834
Leaflitter,0.358934229
Leaflitter,0.325315425
Leaflitter,0.929463534
Leaflitter,0.690232331
Leaflitter,0.536652159
Leaflitter,0.384495672
Leaflitter,0.005154334
Leaflitter,0.44496385
Leaflitter,0.633602798
Leaflitter,0.295342324
Leaflitter,0.762726846
Leaflitter,0.927884877
Leaflitter,0.605807039
Leaflitter,0.184570465
Leaflitter,0.514770552
Leaflitter,0.386868766
Leaflitter,0.333647222
Leaflitter,0.575878637
Leaflitter,0.00520978
Leaflitter,0.771023956
Leaflitter,0.321177189
Leaflitter,0.766874195
Leaflitter,0.942482394
Leaflitter,0.489155199
Leaflitter,0.71502358
Leaflitter,0.542643025
Leaflitter,0.280918848
Leaflitter,0.682633649
Leaflitter,0.207284282
Leaflitter,0.71334199
Leaflitter,0.987435317
Leaflitter,0.374078279
Leaflitter,0.104946388
Leaflitter,0.867307955
Leaflitter,0.143790544
Leaflitter,0.357783743
Leaflitter,0.402641196
Leaflitter,0.639764341
Leaflitter,0.812670143
Leaflitter,0.255828432
Leaflitter,0.380982066
Leaflitter,0.467489375
Leaflitter,0.166848882
Leaflitter,0.293294425
Leaflitter,0.380170203
Leaflitter,0.700198864
Leaflitter,0.610481015
Leaflitter,0.659687415
Leaflitter,0.39651423
Leaflitter,0.695952097
Leaflitter,0.651483193
Leaflitter,0.127771037
Leaflitter,0.692021329
Leaflitter,0.524060615
Leaflitter,0.5319058
Leaflitter,0.537124273
Leaflitter,0.622594301
Leaflitter,0.504060418
Leaflitter,0.768117327
Leaflitter,0.796626179
Leaflitter,0.327727287
Leaflitter,0.804209019
Leaflitter,0.844131748
Leaflitter,0.492966161
Leaflitter,0.198902561
Leaflitter,0.457746639
Leaflitter,0.704399769
Leaflitter,0.255003799
Leaflitter,0.602063877
Leaflitter,0.726085042
Leaflitter,0.474851405
Leaflitter,0.168405061
Leaflitter,0.551752293
Leaflitter,0.326365144
Leaflitter,0.352769533
Leaflitter,0.833845079
Leaflitter,0.894455945
Leaflitter,0.687097058
Leaflitter,0.696461458
Leaflitter,0.129551289
Leaflitter,0.4920978
Leaflitter,0.853902642
Leaflitter,0.985104451
Leaflitter,0.785405241
Leaflitter,0.582977832
Leaflitter,0.567364753
Leaflitter,0.433192193
Leaflitter,0.52728061
Leaflitter,0.67953308
Leaflitter,0.584631577
Leaflitter,0.689640013
Leaflitter,0.171854954
Leaflitter,0.103003798
Leaflitter,0.952192597
Leaflitter,0.755448195
Leaflitter,0.833190024
Leaflitter,0.264674655
Leaflitter,0.904723936
Leaflitter,0.267638632
Leaflitter,0.328802972
Leaflitter,0.048928628
Leaflitter,0.853292908
Leaflitter,0.691903862
Leaflitter,0.719214234
Leaflitter,0.828010458
Leaflitter,0.294753847
Leaflitter,0.757984712
Leaflitter,0.520053051
Leaflitter,0.477174391
Leaflitter,0.831164871
Leaflitter,0.48764669
Leaflitter,0.853060941
Leaflitter,0.714265071
Leaflitter,0.625111091
Leaflitter,0.691750398
Leaflitter,0.500291989
Leaflitter,0.490045636
Leaflitter,0.374986156
Leaflitter,0.056781597
Leaflitter,0.587994762
Leaflitter,0.618875726
Leaflitter,0.311891669
Leaflitter,0.362004578
Leaflitter,0.82295127
Leaflitter,0.368676146
Leaflitter,0.434786488
Leaflitter,0.8875698
Leaflitter,0.509609182
Leaflitter,0.378202498
Leaflitter,0.750183239
Leaflitter,0.666246583
Leaflitter,0.756837419
Leaflitter,0.788132966
Leaflitter,0.473642177
Leaflitter,0.286187742
Leaflitter,0.761931606
Leaflitter,0.620080727
Leaflitter,0.537044917
Leaflitter,0.330974433
Leaflitter,0.57639134
Leaflitter,0.855442967
Leaflitter,0.589800818
Leaflitter,0.073046305
Leaflitter,0.786649082
Leaflitter,0.600433333
Leaflitter,0.708549305
Leaflitter,0.397093915
Leaflitter,0.627286377
Leaflitter,0.561027482
Leaflitter,0.551766497
Leaflitter,0.709444436
Leaflitter,0.242838429
Leaflitter,0.232415847
Leaflitter,0.774514972
Leaflitter,0.79878704
Leaflitter,0.852734496
Leaflitter,0.359156234
Leaflitter,0.44487437
Leaflitter,0.857029692
Leaflitter,0.490689853
Leaflitter,0.712044742
Leaflitter,0.462003121
Leaflitter,0.240445736
Leaflitter,0.59609851
Leaflitter,0.371656187
Leaflitter,0.151337183
Leaflitter,0.894523956
Leaflitter,0.173318239
Leaflitter,0.942876034
Leaflitter,0.834591204
Leaflitter,0.307580047
Leaflitter,0.592208583
Leaflitter,0.380530804
Leaflitter,0.829800398
Leaflitter,0.303503024
Leaflitter,0.055109089
Leaflitter,0.8304938
Leaflitter,0.730816163
Leaflitter,0.630648913
Leaflitter,0.758178919
Leaflitter,0.324267399
Leaflitter,0.318939842
Leaflitter,0.693791862
Leaflitter,0.470630703
Leaflitter,0.766264356
Leaflitter,0.92917733
Leaflitter,0.581591079
Leaflitter,0.322140324
Leaflitter,0.794909398
Leaflitter,0.448657385
Leaflitter,0.426601416
Leaflitter,0.801982223
Leaflitter,0.61671494
Leaflitter,0.195508621
Leaflitter,0.805442833
Leaflitter,0.502288583
Leaflitter,0.586650697
Leaflitter,0.499511077
Leaflitter,0.314619673
Leaflitter,0.66693389
Leaflitter,0.026956322
Leaflitter,0.038760055
Leaflitter,0.487033529
Leaflitter,0.426894186
Leaflitter,0.840800411
Leaflitter,0.700844645
Leaflitter,0.535662761
Leaflitter,0.781087495
Leaflitter,0.438096766
Leaflitter,0.118386305
Leaflitter,0.281467748
Leaflitter,0.790535886
Leaflitter,0.735671115
Leaflitter,0.547540433
Leaflitter,0.572318708
Leaflitter,0.699217588
Leaflitter,0.439867074
Leaflitter,0.41688816
Leaflitter,0.698482185
Leaflitter,0.86700421
Leaflitter,0.899312121
Leaflitter,0.300373203
Leaflitter,0.118917656
Leaflitter,0.766858241
Leaflitter,0.627093216
Leaflitter,0.914390901
Leaflitter,0.688112721
Leaflitter,0.266757281
Leaflitter,0.112119289
Leaflitter,0.620194163
Leaflitter,0.453283491
Leaflitter,0.80588454
Leaflitter,0.615067651
Leaflitter,0.471163904
Leaflitter,0.931127564
Leaflitter,0.533441256
Leaflitter,0.868334709
Leaflitter,0.017369162
Leaflitter,0.815280841
Leaflitter,0.530066288
Leaflitter,0.440940193
Leaflitter,0.33864412
Leaflitter,0.084531318
Leaflitter,0.689597318
Leaflitter,0.903711931
Leaflitter,0.643642847
Leaflitter,0.287269012
Leaflitter,0.730461581
Leaflitter,0.191938957
Leaflitter,0.423953876
Leaflitter,0.223921972
Leaflitter,0.602221035
Leaflitter,0.445094537
Leaflitter,0.762679633
Leaflitter,0.81256942
Leaflitter,0.635336745
Leaflitter,0.5574439
Leaflitter,0.941495711
Leaflitter,0.634884569
Leaflitter,0.361710896
Leaflitter,0.563092354
Leaflitter,0.293670198
Leaflitter,0.484189388
Leaflitter,0.415953521
Leaflitter,0.727006722
Leaflitter,0.874994733
Leaflitter,0.411369693
Leaflitter,0.793828153
Leaflitter,0.642275272
Leaflitter,0.66153671
Leaflitter,0.734444435
Leaflitter,0.201536649
Leaflitter,0.240939696
Leaflitter,0.877941575
Leaflitter,0.543057062
Leaflitter,0.387472112
Leaflitter,0.658881525
Leaflitter,0.849204614
Leaflitter,0.506239037
Leaflitter,0.401669562
Leaflitter,0.747275489
Leaflitter,0.404667651
Leaflitter,0.435924228
Leaflitter,0.545074601
Leaflitter,0.037955045
Leaflitter,0.312504016
Leaflitter,0.380805006
Leaflitter,0.375357899
Leaflitter,0.668676304
Leaflitter,0.676340149
Leaflitter,0.292907268
Leaflitter,0.63638908
Leaflitter,0.301947899
Leaflitter,0.266958026
Leaflitter,0.70219469
Leaflitter,0.074426137
Leaflitter,0.776845491
Leaflitter,0.729751556
Leaflitter,0.492220501
Leaflitter,0.568883731
Leaflitter,0.516019567
Leaflitter,0.108967653
Leaflitter,0.449592849
Leaflitter,0.493110093
Leaflitter,0.710544631
Leaflitter,0.723928741
Leaflitter,0.717184371
Leaflitter,0.158727403
Leaflitter,0.115538159
Leaflitter,0.827528737
Leaflitter,0.721633877
Leaflitter,0.641480696
Leaflitter,0.537011911
Leaflitter,0.657163349
Leaflitter,0.240175373
Leaflitter,0.654953545
Leaflitter,0.521540186
Leaflitter,0.809304411
Leaflitter,0.584856011
Leaflitter,0.246326737
Leaflitter,0.688721978
Leaflitter,0.789646298
Leaflitter,0.024968283
Leaflitter,0.191590831
Leaflitter,0.95268295
Leaflitter,0.479687164
Leaflitter,0.126009815
Leaflitter,0.318329663
Leaflitter,0.773181868
Leaflitter,0.124407963
Leaflitter,0.858776151
Leaflitter,0.904384793
Leaflitter,0.650011618
Leaflitter,0.646132463
Leaflitter,0.419844294
Leaflitter,0.064501502
Leaflitter,0.786459682
Leaflitter,0.317592588
Leaflitter,0.451741478
Leaflitter,0.638425019
Leaflitter,0.72066533
Leaflitter,0.14109912
Leaflitter,0.435185746
Leaflitter,0.731773236
Leaflitter,0.836571249
Leaflitter,0.741853339
Leaflitter,0.37611797
Leaflitter,0.662708882
Leaflitter,0.865934678
Leaflitter,0.839084513
Leaflitter,0.784147165
Leaflitter,0.700777295
Leaflitter,0.364685938
Leaflitter,0.62128274
Leaflitter,0.266776354
Leaflitter,0.016914439
Leaflitter,0.395015055
Leaflitter,0.045677041
Leaflitter,0.230986415
Leaflitter,0.270660171
Leaflitter,0.875006554
Leaflitter,0.545070443
Leaflitter,0.980057261
Leaflitter,0.397544256
Leaflitter,0.062070863
Leaflitter,0.120900316
Leaflitter,0.25795374
Leaflitter,0.771237061
Leaflitter,0.732473837
Leaflitter,0.48433081
Leaflitter,0.588257094
Leaflitter,0.045276876
Leaflitter,0.785063787
Leaflitter,0.462350481
Leaflitter,0.322131099
Leaflitter,0.661442953
Leaflitter,0.247620823
Leaflitter,0.127218211
Leaflitter,0.353515007
Leaflitter,0.935701529
Leaflitter,0.728115678
Leaflitter,0.793722238
Leaflitter,0.07413672
Leaflitter,0.104882064
Leaflitter,0.084048349
Leaflitter,0.740984871
Leaflitter,0.832052702
Leaflitter,0.751163542
Leaflitter,0.295154461
Leaflitter,0.51137348
Leaflitter,0.517295996
Leaflitter,0.894755741
Leaflitter,0.067046638
Leaflitter,0.348512774
Leaflitter,0.50625313
Leaflitter,0.04019957
Leaflitter,0.464177499
Leaflitter,0.753409631
Leaflitter,0.957541946
Leaflitter,0.4935217
Leaflitter,0.671832605
Leaflitter,0.86647481
Leaflitter,0.227260141
Leaflitter,0.51880782
Leaflitter,0.697169561
Leaflitter,0.603620386
Leaflitter,0.877150628
Leaflitter,0.735266484
Leaflitter,0.567394584
Leaflitter,0.416642014
Leaflitter,0.504557383
Leaflitter,0.392689532
Leaflitter,0.452522551
Leaflitter,0.539007046
Leaflitter,0.805960727
Leaflitter,0.593424952
Leaflitter,0.510835887
Leaflitter,0.607215592
Leaflitter,0.320319808
Leaflitter,0.41719494
Leaflitter,0.672912312
Leaflitter,0.532046821
Leaflitter,0.127605528
Leaflitter,0.424856566
Leaflitter,0.429831386
Leaflitter,0.478657767
Leaflitter,0.731860857
Leaflitter,0.879456338
Leaflitter,0.449629522
Leaflitter,0.446684945
Leaflitter,0.647443794
Leaflitter,0.638668929
Leaflitter,0.642152199
Leaflitter,0.845783186
Leaflitter,0.791693848
Leaflitter,0.296474497
Leaflitter,0.370951994
Leaflitter,0.400206169
Leaflitter,0.580889843
Leaflitter,0.141248688
Leaflitter,0.254948209
Leaflitter,0.465804387
Leaflitter,0.695915514
Leaflitter,0.572492593
Leaflitter,0.706792841
Leaflitter,0.901335121
Leaflitter,0.019364917
Leaflitter,0.848533828
Leaflitter,0.848659038
Leaflitter,0.527369549
Leaflitter,0.220223367
Leaflitter,0.351881354
Leaflitter,0.432369815
Leaflitter,0.834103052
Leaflitter,0.616387693
Leaflitter,0.280360042
Leaflitter,0.272079917
Leaflitter,0.797435156
Leaflitter,0.11774871
Leaflitter,0.568024782
Leaflitter,0.290849523
Leaflitter,0.578031079
Leaflitter,0.666383448
Leaflitter,0.74735841
Leaflitter,0.27484188
Leaflitter,0.083210052
Leaflitter,0.694526481
Leaflitter,0.789366271
Leaflitter,0.746964347
Leaflitter,0.780345507
Leaflitter,0.328608658
Leaflitter,0.719865589
Leaflitter,0.505711108
Leaflitter,0.847914916
Leaflitter,0.790232469
Leaflitter,0.554741244
Leaflitter,0.308466329
Leaflitter,0.553899584
Leaflitter,0.854289277
Leaflitter,0.277375878
Leaflitter,0.836332285
Leaflitter,0.848499609
Leaflitter,0.627625697
Leaflitter,0.035910514
Leaflitter,0.270167417
Leaflitter,0.096846417
Leaflitter,0.863492445
Leaflitter,0.825311128
Leaflitter,0.811315439
Leaflitter,0.307713776
Leaflitter,0.89404689
Leaflitter,0.816189814
Leaflitter,0.562208066
Leaflitter,0.679297394
Leaflitter,0.524925515
Leaflitter,0.63048217
Leaflitter,0.882857015
Leaflitter,0.446603741
Leaflitter,0.944684815
Leaflitter,0.771388732
Leaflitter,0.532407785
Leaflitter,0.131722238
Leaflitter,0.32721042
Leaflitter,0.729486602
Leaflitter,0.822573178
Leaflitter,0.538874519
Leaflitter,0.163692341
Leaflitter,0.629723594
Leaflitter,0.464950157
Leaflitter,0.142306297
Leaflitter,0.413717182
Leaflitter,0.467134126
Leaflitter,0.619601436
Leaflitter,0.451873837
Leaflitter,0.52412457
Leaflitter,0.471468947
Leaflitter,0.845174564
Leaflitter,0.359767725
Leaflitter,0.909770534
Leaflitter,0.409547917
Leaflitter,0.479720006
Leaflitter,0.563621945
Leaflitter,0.626942548
Leaflitter,0.305388747
Leaflitter,0.524455734
Leaflitter,0.040248968
Leaflitter,0.224437545
Leaflitter,0.711256107
Leaflitter,0.299664091
Leaflitter,0.983390602
Leaflitter,0.24445192
Leaflitter,0.058135201
Leaflitter,0.779325754
Leaflitter,0.247378623
Leaflitter,0.197513496
Leaflitter,0.558714722
Leaflitter,0.477678594
Leaflitter,0.496386269
Leaflitter,0.579130783
Leaflitter,0.436300357
Leaflitter,0.707480894
Leaflitter,0.511119795
Leaflitter,0.076588209
Leaflitter,0.221528466
Leaflitter,0.688066084
Leaflitter,0.410552978
Leaflitter,0.414869196
Leaflitter,0.64568501
Leaflitter,0.553272812
Leaflitter,0.794381821
Leaflitter,0.649852611
Leaflitter,0.517546775
Leaflitter,0.222061389
Leaflitter,0.865873354
Leaflitter,0.771089692
Leaflitter,0.799099708
Leaflitter,0.681537972
Leaflitter,0.814661797
Leaflitter,0.199578821
Leaflitter,0.598127083
Leaflitter,0.046986101
Leaflitter,0.046111979
Leaflitter,0.143565141
Leaflitter,0.221119686
Leaflitter,0.102749981
Leaflitter,0.391113002
Leaflitter,0.078000157
Leaflitter,0.589092196
Leaflitter,0.252532681
Leaflitter,0.647336584
Leaflitter,0.532286871
Leaflitter,0.449436495
Leaflitter,0.483500207
Leaflitter,0.67995827
Leaflitter,0.550935849
Leaflitter,0.667664807
Leaflitter,0.560683892
Leaflitter,0.909587283
Leaflitter,0.259462074
Leaflitter,0.745365952
Leaflitter,0.58040387
Leaflitter,0.85005274
Leaflitter,0.384977702
Leaflitter,0.849032661
Leaflitter,0.791469577
Leaflitter,0.630035157
Leaflitter,0.205565835
Leaflitter,0.698507692
Leaflitter,0.567968431
Leaflitter,0.643276539
Leaflitter,0.821761027
Leaflitter,0.694515053
Leaflitter,0.842074386
Leaflitter,0.293788603
Leaflitter,0.10563483
Leaflitter,0.928760027
Leaflitter,0.86131088
Leaflitter,0.586525477
Leaflitter,0.48429835
Leaflitter,0.161509306
Leaflitter,0.180631516
Leaflitter,0.70914863
Leaflitter,0.836567817
Leaflitter,0.314992083
Leaflitter,0.825996501
Leaflitter,0.782652667
Leaflitter,0.609331606
Leaflitter,0.834733764
Leaflitter,0.759673535
Leaflitter,0.05818936
Leaflitter,0.611703547
Leaflitter,0.681610841
Leaflitter,0.642575177
Leaflitter,0.710963778
Leaflitter,0.388089001
Leaflitter,0.355984033
Leaflitter,0.431762967
Leaflitter,0.304014524
Leaflitter,0.407863023
Leaflitter,0.300480083
Leaflitter,0.65699584
Leaflitter,0.200614088
Leaflitter,0.651564304
Leaflitter,0.484805971
Leaflitter,0.528347118
Leaflitter,0.422441761
Leaflitter,0.39703787
Leaflitter,0.50206979
Leaflitter,0.577004888
Leaflitter,0.186198313
Leaflitter,0.142676034
Leaflitter,0.376101199
Leaflitter,0.652310093
Leaflitter,0.651001295
Leaflitter,0.325175599
Leaflitter,0.249344394
Leaflitter,0.282030563
Leaflitter,0.573755918
Leaflitter,0.750799687
Leaflitter,0.643254052
Leaflitter,0.844629388
Leaflitter,0.164280711
Leaflitter,0.334353259
Leaflitter,0.342550421
Leaflitter,0.471537869
Leaflitter,0.685953651
Leaflitter,0.106247058
Leaflitter,0.775903478
Leaflitter,0.613560794
Leaflitter,0.696695486
Leaflitter,0.099257299
Leaflitter,0.813353888
Leaflitter,0.050505641
Leaflitter,0.331817944
Leaflitter,0.746310063
Leaflitter,0.816631167
Leaflitter,0.615560191
Leaflitter,0.456472538
Leaflitter,0.279882833
Leaflitter,0.849892051
Leaflitter,0.401042701
Leaflitter,0.956322895
Leaflitter,0.76181369
Leaflitter,0.577045603
Leaflitter,0.683573761
Leaflitter,0.661590108
Leaflitter,0.403596264
Leaflitter,0.572722979
Leaflitter,0.505204343
Leaflitter,0.61022499
Leaflitter,0.872320207
Leaflitter,0.863579854
Leaflitter,0.477135246
Leaflitter,0.448934659
Leaflitter,0.443141084
Leaflitter,0.408051957
Leaflitter,0.067181381
Leaflitter,0.115572138
Leaflitter,0.287930342
Leaflitter,0.597027636
Leaflitter,0.01296338
Leaflitter,0.681942247
Leaflitter,0.539672555
Leaflitter,0.060399794
Leaflitter,0.826102178
Leaflitter,0.64886489
Leaflitter,0.354088033
Leaflitter,0.819675751
Leaflitter,0.639408748
Leaflitter,0.849007024
Leaflitter,0.698197037
Leaflitter,0.312865843
Leaflitter,0.334672068
Leaflitter,0.196704451
Leaflitter,0.443017769
Leaflitter,0.248171447
Leaflitter,0.576946308
Leaflitter,0.902090766
Leaflitter,0.713295808
Leaflitter,0.634177292
Leaflitter,0.933715334
Leaflitter,0.254281345
Leaflitter,0.660961389
Leaflitter,0.565036366
Leaflitter,0.134179395
Leaflitter,0.415900621
Leaflitter,0.900966235
Leaflitter,0.593096287
Leaflitter,0.498053137
Leaflitter,0.734504359
Leaflitter,0.202918219
Leaflitter,0.944965722
Leaflitter,0.725196819
Leaflitter,0.567824701
Leaflitter,0.424081203
Leaflitter,0.661354028
Leaflitter,0.287572669
Leaflitter,0.710408455
Leaflitter,0.373554743
Leaflitter,0.155786579
Leaflitter,0.855015598
Leaflitter,0.249985126
Leaflitter,0.474018227
Leaflitter,0.57506913
Leaflitter,0.665030594
Leaflitter,0.433261274
Leaflitter,0.733662325
Leaflitter,0.741117127
Leaflitter,0.274866613
Leaflitter,0.308821081
Leaflitter,0.72256443
Leaflitter,0.24247887
Leaflitter,0.668030808
Leaflitter,0.478495817
Leaflitter,0.775471938
Leaflitter,0.53766054
Leaflitter,0.894013423
Leaflitter,0.680109607
Leaflitter,0.557358878
Leaflitter,0.349285122
Leaflitter,0.531793428
Leaflitter,0.313702235
Leaflitter,0.607663617
Leaflitter,0.776668515
Leaflitter,0.777231551
Leaflitter,0.429016768
Leaflitter,0.328356471
Leaflitter,0.414156179
Leaflitter,0.449248776
Leaflitter,0.33050299
Leaflitter,0.022393931
Leaflitter,0.398042916
Leaflitter,0.316815068
Leaflitter,0.16183739
Leaflitter,0.63477761
Leaflitter,0.102323826
Leaflitter,0.676108029
Leaflitter,0.244913454
Leaflitter,0.178722935
Leaflitter,0.487098007
Leaflitter,0.516044238
Leaflitter,0.099431283
Leaflitter,0.455434
Leaflitter,0.567300836
Leaflitter,0.554344932
Leaflitter,0.33317387
Leaflitter,0.610200469
Leaflitter,0.796884495
Leaflitter,0.342309879
Leaflitter,0.201038962
Leaflitter,0.522580096
Leaflitter,0.505474028
Leaflitter,0.466469894
Leaflitter,0.857627325
Leaflitter,0.769269591
Leaflitter,0.88299316
Leaflitter,0.691809436
Leaflitter,0.841889548
Leaflitter,0.32557608
Leaflitter,0.432071304
Leaflitter,0.808312017
Leaflitter,0.671888131
Leaflitter,0.361337947
Leaflitter,0.712706726
Leaflitter,0.284645596
Leaflitter,0.37287881
Leaflitter,0.828843132
Leaflitter,0.517409877
Leaflitter,0.509034246
Leaflitter,0.687560865
Leaflitter,0.312572337
Leaflitter,0.209314817
Leaflitter,0.791911642
Leaflitter,0.641801803
Leaflitter,0.222886817
Leaflitter,0.796479573
Leaflitter,0.573069557
Leaflitter,0.431004977
Leaflitter,0.622199766
Leaflitter,0.566920265
Leaflitter,0.241431831
Leaflitter,0.545017588
Leaflitter,0.421136571
Leaflitter,0.270672034
Leaflitter,0.719614353
Leaflitter,0.309306783
Leaflitter,0.183093665
Leaflitter,0.741507032
Leaflitter,0.564651315
Leaflitter,0.157912641
Leaflitter,0.844659379
Leaflitter,0.659709206
Leaflitter,0.425155499
Leaflitter,0.527466293
Leaflitter,0.329681996
Leaflitter,0.745808471
Leaflitter,0.86179553
Leaflitter,0.573384149
Leaflitter,0.035405188
Leaflitter,0.849371326
Leaflitter,0.845297043
Leaflitter,0.509932984
Leaflitter,0.529103558
Leaflitter,0.620356911
Leaflitter,0.693296671
Leaflitter,0.508832221
Leaflitter,0.322724709
Leaflitter,0.629497803
Leaflitter,0.649301922
Leaflitter,0.752899474
Leaflitter,0.352272242
Leaflitter,0.136787259
Leaflitter,0.657155127
Leaflitter,0.622596063
Leaflitter,0.516159069
Leaflitter,0.057662391
Leaflitter,0.154390817
Leaflitter,0.180905482
Leaflitter,0.210332087
Leaflitter,0.362408648
Leaflitter,0.782299971
Leaflitter,0.613764644
Leaflitter,0.843476864
Leaflitter,0.608928468
Leaflitter,0.669775284
Leaflitter,0.368477684
Leaflitter,0.83605778
Leaflitter,0.690362175
Leaflitter,0.450692767
Leaflitter,0.266437189
Leaflitter,0.890422467
Leaflitter,0.486393556
Leaflitter,0.521643458
Leaflitter,0.807119828
Leaflitter,0.747054328
Leaflitter,0.469081489
Leaflitter,0.791518418
Leaflitter,0.039420611
Leaflitter,0.199430054
Leaflitter,0.855608783
Leaflitter,0.695454175
Leaflitter,0.231524334
Leaflitter,0.397450255
Leaflitter,0.203304533
Leaflitter,0.261317474
Leaflitter,0.280406258
Leaflitter,0.607507293
Leaflitter,0.632412616
Leaflitter,0.099068315
Leaflitter,0.464217999
Leaflitter,0.486590566
Leaflitter,0.568329995
Leaflitter,0.936488609
Leaflitter,0.807222357
Leaflitter,0.59150656
Leaflitter,0.787849705
Leaflitter,0.805700931
Leaflitter,0.552918463
Leaflitter,0.484164685
Leaflitter,0.861749594
Leaflitter,0.725607254
Leaflitter,0.774869178
Leaflitter,0.62913219
Leaflitter,0.498162384
Leaflitter,0.103995129
Leaflitter,0.440756746
Leaflitter,0.921812206
Leaflitter,0.42766034
Leaflitter,0.72573933
Leaflitter,0.144377552
Leaflitter,0.222283764
Leaflitter,0.22868778
Leaflitter,0.765068337
Leaflitter,0.29068322
Leaflitter,0.22891028
Leaflitter,0.492200455
Leaflitter,0.759223839
Leaflitter,0.789676449
Leaflitter,0.343327631
Leaflitter,0.708478232
Leaflitter,0.527100759
Leaflitter,0.709229414
Leaflitter,0.852440701
Leaflitter,0.111534391
Leaflitter,0.323292144
Leaflitter,0.918222775
Leaflitter,0.455937599
Leaflitter,0.386640686
Leaflitter,0.662032695
Leaflitter,0.596613735
Leaflitter,0.62978209
Leaflitter,0.667415101
Leaflitter,0.755568816
Leaflitter,0.844570281
Leaflitter,0.455059568
Leaflitter,0.452858374
Leaflitter,0.395552937
Leaflitter,0.097964002
Leaflitter,0.769389868
Leaflitter,0.619432418
Leaflitter,0.949614799
Leaflitter,0.57550525
Leaflitter,0.261841696
Leaflitter,0.818371032
Leaflitter,0.907102579
Leaflitter,0.46056612
Leaflitter,0.980400248
Leaflitter,0.682613503
Leaflitter,0.572230673
Leaflitter,0.639277627
Leaflitter,0.369572423
Leaflitter,0.736586183
Leaflitter,0.142262864
Leaflitter,0.036528083
Leaflitter,0.699358667
Leaflitter,0.861335055
Leaflitter,0.682089308
Leaflitter,0.546100191
Leaflitter,0.780565864
Leaflitter,0.447629352
Leaflitter,0.591148599
Leaflitter,0.204785441
Leaflitter,0.476454181
Leaflitter,0.705917155
Leaflitter,0.294120837
Leaflitter,0.813828509
Leaflitter,0.585702911
Leaflitter,0.24596697
Leaflitter,0.615377606
Leaflitter,0.673762933
Leaflitter,0.635871619
Leaflitter,0.796728777
Leaflitter,0.330639403
Leaflitter,0.626594316
Leaflitter,0.098490502
Leaflitter,0.518285885
Leaflitter,0.357021774
Leaflitter,0.956963611
Leaflitter,0.687843182
Leaflitter,0.920321817
Leaflitter,0.761775478
Leaflitter,0.667998279
Leaflitter,0.160529059
Leaflitter,0.843058997
Leaflitter,0.005000562
Leaflitter,0.718008691
Leaflitter,0.439290578
Leaflitter,0.688188848
Leaflitter,0.156865954
Leaflitter,0.620575563
Leaflitter,0.171615124
Leaflitter,0.948495841
Leaflitter,0.630645076
Leaflitter,0.390108292
Leaflitter,0.484889902
Leaflitter,0.500209327
Leaflitter,0.242558848
Leaflitter,0.713468421
Leaflitter,0.502098195
Leaflitter,0.110405007
Leaflitter,0.075444869
Leaflitter,0.460704701
Leaflitter,0.714248794
Leaflitter,0.60017287
Leaflitter,0.854622815
Leaflitter,0.38475438
Leaflitter,0.509348642
Leaflitter,0.677166475
Leaflitter,0.672106594
Leaflitter,0.725028072
Leaflitter,0.293824443
Leaflitter,0.541618514
Leaflitter,0.51255204
Leaflitter,0.927318472
Leaflitter,0.583346331
Leaflitter,0.316204662
Leaflitter,0.145964328
Leaflitter,0.394027288
Leaflitter,0.44234368
Leaflitter,0.532966574
Leaflitter,0.480350717
Leaflitter,0.554207276
Leaflitter,0.865273189
Leaflitter,0.711212081
Leaflitter,0.425050167
Leaflitter,0.270487895
Leaflitter,0.137197315
Leaflitter,0.069348899
Leaflitter,0.338419926
Leaflitter,0.452670742
Leaflitter,0.789240061
Leaflitter,0.570009698
Leaflitter,0.408850409
Leaflitter,0.20017463
Leaflitter,0.408951595
Leaflitter,0.504063187
Leaflitter,0.793480184
Leaflitter,0.964151355
Leaflitter,0.591097403
Leaflitter,0.492602137
Leaflitter,0.725377581
Leaflitter,0.46826849
Leaflitter,0.54585662
Leaflitter,0.603722294
Leaflitter,0.375937058
Leaflitter,0.335479148
Leaflitter,0.914942054
Leaflitter,0.474549101
Leaflitter,0.626923156
Leaflitter,0.412366417
Leaflitter,0.628944756
Leaflitter,0.804985177
Leaflitter,0.810189043
Leaflitter,0.573197407
Leaflitter,0.254528675
Leaflitter,0.371536948
Leaflitter,0.314474952
Leaflitter,0.67314219
Leaflitter,0.834725309
Leaflitter,0.624281965
Leaflitter,0.556958972
Leaflitter,0.65191884
Leaflitter,0.412426756
Leaflitter,0.580975418
Leaflitter,0.762308469
Leaflitter,0.675444616
Leaflitter,0.936844575
Leaflitter,0.737934331
Leaflitter,0.091651815
Leaflitter,0.601309308
Leaflitter,0.281171095
Leaflitter,0.695760394
Leaflitter,0.302692528
Leaflitter,0.778124325
Leaflitter,0.320031313
Leaflitter,0.159544526
Leaflitter,0.050920286
Leaflitter,0.604261841
Leaflitter,0.518016169
Leaflitter,0.615896323
Leaflitter,0.596706762
Leaflitter,0.450479479
Leaflitter,0.67180465
Leaflitter,0.876697563
Leaflitter,0.537385941
Leaflitter,0.483862117
Leaflitter,0.761204126
Leaflitter,0.60609067
Leaflitter,0.643729013
Leaflitter,0.248436497
Leaflitter,0.226922823
Leaflitter,0.360494754
Leaflitter,0.593080363
Leaflitter,0.939743401
Leaflitter,0.802193143
Leaflitter,0.776784178
Leaflitter,0.256834323
Leaflitter,0.746640126
Leaflitter,0.580424946
Leaflitter,0.075438528
Leaflitter,0.744129186
Leaflitter,0.481198941
Leaflitter,0.659464669
Leaflitter,0.616201631
Leaflitter,0.303857511
Leaflitter,0.635315078
Leaflitter,0.063793945
Leaflitter,0.551676901
Leaflitter,0.534336273
Leaflitter,0.469521584
Leaflitter,0.746065148
Leaflitter,0.646763535
Leaflitter,0.092470228
Leaflitter,0.564538607
Leaflitter,0.019439853
Leaflitter,0.536298728
Leaflitter,0.463999696
Leaflitter,0.573496439
Leaflitter,0.726956051
Leaflitter,0.075449582
Leaflitter,0.893869147
Leaflitter,0.339063643
Leaflitter,0.233308063
Leaflitter,0.791592079
Leaflitter,0.896967555
Leaflitter,0.351060079
Leaflitter,0.570012257
Leaflitter,0.09438661
Leaflitter,0.275471471
Leaflitter,0.800853011
Leaflitter,0.482860479
Leaflitter,0.979860777
Leaflitter,0.717138125
Leaflitter,0.132624471
Leaflitter,0.636636952
Leaflitter,0.803752842
Leaflitter,0.708096053
Leaflitter,0.700896859
Leaflitter,0.371526138
Leaflitter,0.393711994
Leaflitter,0.854380311
Leaflitter,0.8337759
Leaflitter,0.539003904
Leaflitter,0.707153347
Leaflitter,0.892655693
Leaflitter,0.612688349
Leaflitter,0.455666341
Leaflitter,0.830036323
Leaflitter,0.033132477
Leaflitter,0.489130211
Leaflitter,0.438931548
Leaflitter,0.092494857
Leaflitter,0.905984433
Leaflitter,0.542753073
Leaflitter,0.864012608
Leaflitter,0.591253038
Leaflitter,0.720476708
Leaflitter,0.556791711
Leaflitter,0.856444966
Leaflitter,0.853009084
Leaflitter,0.427791053
Leaflitter,0.515925896
Leaflitter,0.429631372
Leaflitter,0.666780134
Leaflitter,0.625616933
Leaflitter,0.611351232
Leaflitter,0.626051652
Leaflitter,0.694905878
Leaflitter,0.706316397
Leaflitter,0.640780642
Leaflitter,0.203103304
Leaflitter,0.764619768
Leaflitter,0.403612668
Leaflitter,0.837354287
Leaflitter,0.785324643
Leaflitter,0.117107862
Leaflitter,0.066057919
Leaflitter,0.689372628
Leaflitter,0.766548787
Leaflitter,0.113388516
Leaflitter,0.391427103
Leaflitter,0.6841995
Leaflitter,0.562799025
Leaflitter,0.405943491
Leaflitter,0.533447017
Leaflitter,0.441768167
Leaflitter,0.624806566
Leaflitter,0.260825212
Leaflitter,0.782803609
Leaflitter,0.37462444
Leaflitter,0.488042959
Leaflitter,0.403918586
Leaflitter,0.449692662
Leaflitter,0.280541347
Leaflitter,0.140626969
Leaflitter,0.348222876
Leaflitter,0.450584958
Leaflitter,0.469588401
Leaflitter,0.630325641
Leaflitter,0.730009191
Leaflitter,0.609022314
Leaflitter,0.496752643
Leaflitter,0.41133701
Leaflitter,0.593717905
Leaflitter,0.776913139
Leaflitter,0.954505714
Leaflitter,0.371763017
Leaflitter,0.893457757
Leaflitter,0.143462174
Leaflitter,0.51608796
Leaflitter,0.234921856
Leaflitter,0.605927308
Leaflitter,0.299406235
Leaflitter,0.121961771
Leaflitter,0.784206717
Leaflitter,0.637405077
Leaflitter,0.321812303
Leaflitter,0.820265444
Leaflitter,0.911883692
Leaflitter,0.393225657
Leaflitter,0.658757214
Leaflitter,0.544378128
Leaflitter,0.76465834
Leaflitter,0.712501495
Leaflitter,0.070561765
Leaflitter,0.920655196
Leaflitter,0.552744769
Leaflitter,0.746480052
Leaflitter,0.290363023
Leaflitter,0.263264714
Leaflitter,0.713988719
Leaflitter,0.513285926
Leaflitter,0.387944451
Leaflitter,0.17489731
Leaflitter,0.371851609
Leaflitter,0.50756345
Leaflitter,0.877088682
Leaflitter,0.327690503
Leaflitter,0.019644137
Leaflitter,0.588140922
Leaflitter,0.369688231
Leaflitter,0.290327111
Leaflitter,0.945992424
Leaflitter,0.827259175
Leaflitter,0.4722295
Leaflitter,0.287312625
Leaflitter,0.815394605
Leaflitter,0.303321447
Leaflitter,0.909910144
Leaflitter,0.137032677
Leaflitter,0.596293739
Leaflitter,0.560329356
Leaflitter,0.316006838
Leaflitter,0.842986321
Leaflitter,0.606157111
Leaflitter,0.868589914
Leaflitter,0.430242849
Leaflitter,0.794291783
Leaflitter,0.820704129
Leaflitter,0.134180932
Leaflitter,0.77870922
Leaflitter,0.570734907
Leaflitter,0.823124154
Leaflitter,0.453303993
Leaflitter,0.868486309
Leaflitter,0.133713836
Leaflitter,0.87179294
Leaflitter,0.313295109
Leaflitter,0.615482955
Leaflitter,0.33598819
Leaflitter,0.499797063
Leaflitter,0.557128934
Leaflitter,0.176047877
Leaflitter,0.537120194
Leaflitter,0.481639144
Leaflitter,0.343143999
Leaflitter,0.437880282
Leaflitter,0.148475943
Leaflitter,0.613763803
Leaflitter,0.782657062
Leaflitter,0.667079229
Leaflitter,0.618363953
Leaflitter,0.227880171
Leaflitter,0.578811706
Leaflitter,0.391105736
Leaflitter,0.747315119
Leaflitter,0.476138239
Leaflitter,0.505603319
Leaflitter,0.119682971
Leaflitter,0.743216227
Leaflitter,0.540663082
Leaflitter,0.505372421
Leaflitter,0.676133035
Leaflitter,0.468224325
Leaflitter,0.657896024
Leaflitter,0.837835614
Leaflitter,0.636302268
Leaflitter,0.36603764
Leaflitter,0.496222935
Leaflitter,0.960833207
Leaflitter,0.583276271
Leaflitter,0.713476522
Leaflitter,0.613961753
Leaflitter,0.767872777
Leaflitter,0.472413307
Leaflitter,0.547705527
Leaflitter,0.320395887
Leaflitter,0.686778828
Leaflitter,0.56775958
Leaflitter,0.185500934
Leaflitter,0.495628897
Leaflitter,0.74423385
Leaflitter,0.346433557
Leaflitter,0.591381299
Leaflitter,0.106067671
Leaflitter,0.36345616
Leaflitter,0.435078758
Leaflitter,0.24318288
Leaflitter,0.507892763
Leaflitter,0.656410556
Leaflitter,0.894667481
Leaflitter,0.565824843
Leaflitter,0.779490975
Leaflitter,0.717471871
Leaflitter,0.829138283
Leaflitter,0.028485531
Leaflitter,0.664059865
Leaflitter,0.549999989
Leaflitter,0.371014033
Leaflitter,0.900832128
Leaflitter,0.259275391
Leaflitter,0.650585308
Leaflitter,0.671867088
Leaflitter,0.428139413
Leaflitter,0.853200134
Leaflitter,0.846631039
Leaflitter,0.745333047
Leaflitter,0.410491174
Leaflitter,0.717746436
Leaflitter,0.414313488
Leaflitter,0.507025705
Leaflitter,0.259158771
Leaflitter,0.74543628
Leaflitter,0.888238441
Leaflitter,0.281939993
Leaflitter,0.879258188
Leaflitter,0.917846252
Leaflitter,0.655224862
Leaflitter,0.379924686
Leaflitter,0.43587329
Leaflitter,0.909632516
Leaflitter,0.736817418
Leaflitter,0.055429066
Leaflitter,0.796981758
Leaflitter,0.214633656
Leaflitter,0.030806796
Leaflitter,0.502057847
Leaflitter,0.857613242
Leaflitter,0.596915462
Leaflitter,0.629397436
Leaflitter,0.521324373
Leaflitter,0.371939201
Leaflitter,0.586417003
Leaflitter,0.15021561
Leaflitter,0.129499078
Leaflitter,0.373874281
Leaflitter,0.746909112
Leaflitter,0.944606956
Leaflitter,0.300540034
Leaflitter,0.794309311
Leaflitter,0.422014892
Leaflitter,0.532165658
Leaflitter,0.346199937
Leaflitter,0.935394207
Leaflitter,0.774522486
Leaflitter,0.624893105
Leaflitter,0.441265903
Leaflitter,0.331829173
Leaflitter,0.804346106
Leaflitter,0.705198631
Leaflitter,0.19982531
Leaflitter,0.722497165
Leaflitter,0.362503164
Leaflitter,0.796830853
Leaflitter,0.238998095
Leaflitter,0.758351794
Leaflitter,0.800880631
Leaflitter,0.162194632
Leaflitter,0.687910269
Leaflitter,0.271077499
Leaflitter,0.819258827
Leaflitter,0.723427707
Leaflitter,0.663683111
Leaflitter,0.735861137
Leaflitter,0.469048434
Leaflitter,0.321014512
Leaflitter,0.464730774
Leaflitter,0.433272815
Leaflitter,0.483665689
Leaflitter,0.716624026
Leaflitter,0.647886307
Leaflitter,0.335408624
Leaflitter,0.341494839
Leaflitter,0.978269443
Leaflitter,0.061394377
Leaflitter,0.226055047
Leaflitter,0.603301348
Leaflitter,0.421600549
Leaflitter,0.587870004
Leaflitter,0.748645977
Leaflitter,0.603499181
Leaflitter,0.391681407
Leaflitter,0.245535553
Leaflitter,0.9123219
Leaflitter,0.6723078
Leaflitter,0.914393885
Leaflitter,0.782815288
Leaflitter,0.703405272
Leaflitter,0.632349808
Leaflitter,0.402134611
Leaflitter,0.469464069
Leaflitter,0.693063063
Leaflitter,0.027626561
Leaflitter,0.94191304
Leaflitter,0.69696863
Leaflitter,0.653126354
Leaflitter,0.774035546
Leaflitter,0.173038235
Leaflitter,0.747747449
Leaflitter,0.860813486
Leaflitter,0.126324629
Leaflitter,0.89172145
Leaflitter,0.875664818
Leaflitter,0.80331533
Leaflitter,0.727809683
Leaflitter,0.478394039
Leaflitter,0.57231688
Leaflitter,0.401195033
Leaflitter,0.096823027
Leaflitter,0.896511777
Leaflitter,0.397728228
Leaflitter,0.542673584
Leaflitter,0.559156726
Leaflitter,0.785794846
Leaflitter,0.581889115
Leaflitter,0.248416229
Leaflitter,0.710273319
Leaflitter,0.561743777
Leaflitter,0.423219505
Leaflitter,0.439982678
Leaflitter,0.872077593
Leaflitter,0.854399857
Leaflitter,0.603173858
Leaflitter,0.072413771
Leaflitter,0.293888224
Leaflitter,0.074772578
Leaflitter,0.314656882
Leaflitter,0.472438408
Leaflitter,0.852981824
Leaflitter,0.283979813
Leaflitter,0.813704456
Leaflitter,0.504748451
Leaflitter,0.044393832
Leaflitter,0.649810634
Leaflitter,0.680137069
Leaflitter,0.435049489
Leaflitter,0.974058518
Leaflitter,0.711705638
Leaflitter,0.045103396
Leaflitter,0.15497477
Leaflitter,0.647527234
Leaflitter,0.285129787
Leaflitter,0.577197889
Leaflitter,0.300733334
Leaflitter,0.542337202
Leaflitter,0.33282858
Leaflitter,0.767459989
Leaflitter,0.640354908
Leaflitter,0.955652997
Leaflitter,0.645423344
Leaflitter,0.505601891
Leaflitter,0.561573631
Leaflitter,0.875689462
Leaflitter,0.394662899
Leaflitter,0.742669179
Leaflitter,0.363022977
Leaflitter,0.427165487
Leaflitter,0.005005783
Leaflitter,0.419771786
Leaflitter,0.520208216
Leaflitter,0.860426539
Leaflitter,0.473470374
Leaflitter,0.601124638
Leaflitter,0.09308692
Leaflitter,0.434394388
Leaflitter,0.316414053
Leaflitter,0.76876644
Leaflitter,0.884494175
Leaflitter,0.600073962
Leaflitter,0.750305587
Leaflitter,0.188232645
Leaflitter,0.898632099
Leaflitter,0.453027915
Leaflitter,0.768081962
Leaflitter,0.617277727
Leaflitter,0.310693254
Leaflitter,0.036175314
Leaflitter,0.364835882
Leaflitter,0.939645069
Leaflitter,0.822423466
Leaflitter,0.269434158
Leaflitter,0.881067577
Leaflitter,0.094866683
Leaflitter,0.813677437
Leaflitter,0.487674624
Leaflitter,0.817319433
Leaflitter,0.836322721
Leaflitter,0.834102941
Leaflitter,0.288593656
Leaflitter,0.572549983
Leaflitter,0.57394143
Leaflitter,0.704081101
Leaflitter,0.085265069
Leaflitter,0.814893198
Leaflitter,0.59444733
Leaflitter,0.811292472
Leaflitter,0.517492598
Leaflitter,0.68297187
Leaflitter,0.644212998
Leaflitter,0.795529148
Leaflitter,0.687728944
Leaflitter,0.335670611
Leaflitter,0.434860532
Leaflitter,0.893635156
Leaflitter,0.299893073
Leaflitter,0.523498222
Leaflitter,0.081237455
Leaflitter,0.67504168
Leaflitter,0.022054138
Leaflitter,0.163564685
Leaflitter,0.796527777
Leaflitter,0.453061842
Leaflitter,0.481573679
Leaflitter,0.234630976
Leaflitter,0.459225631
Leaflitter,0.636675018
Leaflitter,0.346799635
Leaflitter,0.773445924
Leaflitter,0.592544023
Leaflitter,0.135971386
Leaflitter,0.647400324
Leaflitter,0.65932216
Leaflitter,0.39355518
Leaflitter,0.337502216
Leaflitter,0.263032779
Leaflitter,0.400860227
Leaflitter,0.423396203
Leaflitter,0.596687742
Leaflitter,0.684000441
Leaflitter,0.716133811
Leaflitter,0.530435059
Leaflitter,0.299919026
Leaflitter,0.199072399
Leaflitter,0.864800763
Leaflitter,0.696012541
Leaflitter,0.430262523
Leaflitter,0.622333415
Leaflitter,0.286919076
Leaflitter,0.071039421
Leaflitter,0.499945767
Leaflitter,0.727585523
Leaflitter,0.283415769
Leaflitter,0.594154531
Leaflitter,0.30697945
Leaflitter,0.466763915
Leaflitter,0.415326251
Leaflitter,0.247423333
Leaflitter,0.053894754
Leaflitter,0.619913744
Leaflitter,0.397992952
Leaflitter,0.715658654
Leaflitter,0.31836328
Leaflitter,0.371347266
Leaflitter,0.608123803
Leaflitter,0.387512773
Leaflitter,0.60542974
Leaflitter,0.029364714
Leaflitter,0.836015309
Leaflitter,0.519515382
Leaflitter,0.68369084
Leaflitter,0.262717416
Leaflitter,0.010445735
Leaflitter,0.845615291
Leaflitter,0.540346555
Leaflitter,0.192336885
Leaflitter,0.525111635
Leaflitter,0.519643144
Leaflitter,0.125346844
Leaflitter,0.323510562
Leaflitter,0.907597693
Leaflitter,0.741070621
Leaflitter,0.602562071
Leaflitter,0.942146889
Leaflitter,0.771102008
Leaflitter,0.982368543
Leaflitter,0.456306018
Leaflitter,0.135195425
Leaflitter,0.681071633
Leaflitter,0.653222521
Leaflitter,0.662956333
Leaflitter,0.846611662
Leaflitter,0.790520865
Leaflitter,0.42585653
Leaflitter,0.772601038
Leaflitter,0.404036438
Leaflitter,0.583847631
Leaflitter,0.313968393
Leaflitter,0.53735596
Leaflitter,0.275850433
Leaflitter,0.628163157
Leaflitter,0.063564352
Leaflitter,0.801187205
Leaflitter,0.868385536
Leaflitter,0.464745014
Leaflitter,0.514437744
Leaflitter,0.686295842
Leaflitter,0.26098922
Leaflitter,0.887226451
Leaflitter,0.921692328
Leaflitter,0.844297981
Leaflitter,0.707838294
Leaflitter,0.025581053
Leaflitter,0.700990621
Leaflitter,0.300919499
Leaflitter,0.337152163
Leaflitter,0.719836794
Leaflitter,0.828083127
Leaflitter,0.589524078
Leaflitter,0.116250348
Leaflitter,0.68106403
Leaflitter,0.095043386
Leaflitter,0.739122077
Leaflitter,0.467884176
Leaflitter,0.785715601
Leaflitter,0.869583038
Leaflitter,0.47994571
Leaflitter,0.55620875
Leaflitter,0.697748146
Leaflitter,0.695334629
Leaflitter,0.77094198
Leaflitter,0.577950928
Leaflitter,0.392924037
Leaflitter,0.642472042
Leaflitter,0.554136037
Leaflitter,0.80193715
Leaflitter,0.384512483
Leaflitter,0.141086321
Leaflitter,0.489258177
Leaflitter,0.353009048
Leaflitter,0.576028746
Leaflitter,0.811241403
Leaflitter,0.820133291
Leaflitter,0.858380613
Leaflitter,0.538231084
Leaflitter,0.734130535
Leaflitter,0.943704969
Leaflitter,0.717436804
Leaflitter,0.736999386
Leaflitter,0.259922937
Leaflitter,0.594987549
Leaflitter,0.411874874
Leaflitter,0.03629604
Leaflitter,0.1063185
Leaflitter,0.443680575
Leaflitter,0.865233728
Leaflitter,0.734886359
Leaflitter,0.456733611
Leaflitter,0.273745034
Leaflitter,0.326259375
Leaflitter,0.524839035
Leaflitter,0.255617606
Leaflitter,0.903255197
Leaflitter,0.716531519
Leaflitter,0.148346282
Leaflitter,0.740513608
Leaflitter,0.759660881
Leaflitter,0.268995286
Leaflitter,0.793368087
Leaflitter,0.442411345
Leaflitter,0.2710165
Leaflitter,0.343883155
Leaflitter,0.472974075
Leaflitter,0.483814284
Leaflitter,0.807246725
Leaflitter,0.78321181
Leaflitter,0.29787924
Leaflitter,0.675954255
Leaflitter,0.288281962
Leaflitter,0.47447178
Leaflitter,0.626542223
Leaflitter,0.508968311
Leaflitter,0.657240488
Leaflitter,0.851776771
Leaflitter,0.830382799
Leaflitter,0.508742546
Leaflitter,0.444908976
Leaflitter,0.6220856
Leaflitter,0.497768314
Leaflitter,0.516927327
Leaflitter,0.699780698
Leaflitter,0.68588028
Leaflitter,0.214094329
Leaflitter,0.610891549
Leaflitter,0.821028363
Leaflitter,0.029850669
Leaflitter,0.285270907
Leaflitter,0.083518619
Leaflitter,0.423157178
Leaflitter,0.757060613
Leaflitter,0.525230049
Leaflitter,0.348878076
Leaflitter,0.064787695
Leaflitter,0.665018699
Leaflitter,0.005743604
Leaflitter,0.078576498
Leaflitter,0.657198138
Leaflitter,0.842040925
Leaflitter,0.86834114
Leaflitter,0.057857944
Leaflitter,0.193388016
Leaflitter,0.454899445
Leaflitter,0.675060953
Leaflitter,0.25721495
Leaflitter,0.381480331
Leaflitter,0.459531877
Leaflitter,0.834237495
Leaflitter,0.768109677
Leaflitter,0.43093395
Leaflitter,0.274058227
Leaflitter,0.656911428
Leaflitter,0.833578978
Leaflitter,0.586388498
Leaflitter,0.388111467
Leaflitter,0.117880676
Leaflitter,0.118846773
Leaflitter,0.524010519
Leaflitter,0.251398535
Leaflitter,0.508686768
Leaflitter,0.769653386
Leaflitter,0.217350284
Leaflitter,0.304184061
Leaflitter,0.869057341
Leaflitter,0.483395295
Leaflitter,0.048751401
Leaflitter,0.421410634
Leaflitter,0.354412967
Leaflitter,0.327984822
Leaflitter,0.53637216
Leaflitter,0.768119745
Leaflitter,0.590598807
Leaflitter,0.634534608
Leaflitter,0.776647897
Leaflitter,0.443215432
Leaflitter,0.774379392
Leaflitter,0.567729722
Leaflitter,0.513306392
Leaflitter,0.786682599
Leaflitter,0.667670388
Leaflitter,0.030612217
Leaflitter,0.681074406
Leaflitter,0.65103879
Leaflitter,0.303957053
Leaflitter,0.247257112
Leaflitter,0.292692032
Leaflitter,0.791000212
Leaflitter,0.657151183
Leaflitter,0.837916637
Leaflitter,0.654047357
Leaflitter,0.34413319
Leaflitter,0.390935182
Leaflitter,0.718889094
Leaflitter,0.5172488
Leaflitter,0.61470304
Leaflitter,0.808375004
Leaflitter,0.888383822
Leaflitter,0.311096916
Leaflitter,0.483839976
Leaflitter,0.510670136
Leaflitter,0.743501459
Leaflitter,0.75637967
Leaflitter,0.729803071
Leaflitter,0.968297368
Leaflitter,0.718613251
Leaflitter,0.255555477
Leaflitter,0.6330209
Leaflitter,0.030524656
Leaflitter,0.418571374
Leaflitter,0.367077067
Leaflitter,0.411368986
Leaflitter,0.413184076
Leaflitter,0.441228073
Leaflitter,0.77700095
Leaflitter,0.759983851
Leaflitter,0.635731582
Leaflitter,0.051986547
Leaflitter,0.40042685
Leaflitter,0.715134714
Leaflitter,0.469628385
Leaflitter,0.912916983
Leaflitter,0.584024182
Leaflitter,0.728415343
Leaflitter,0.612469859
Leaflitter,0.358754504
Leaflitter,0.335236293
Leaflitter,0.368375462
Leaflitter,0.436482444
Leaflitter,0.749698372
Leaflitter,0.502953548
Leaflitter,0.459703496
Leaflitter,0.673738367
Leaflitter,0.37306434
Leaflitter,0.569856077
Leaflitter,0.322020393
Leaflitter,0.589672864
Leaflitter,0.848004408
Leaflitter,0.785013376
Leaflitter,0.458968762
Leaflitter,0.446587251
Leaflitter,0.849484283
Leaflitter,0.331809976
Leaflitter,0.779313147
Leaflitter,0.269399794
Leaflitter,0.581924384
Leaflitter,0.428842624
Leaflitter,0.486616709
Leaflitter,0.185151987
Leaflitter,0.654122583
Leaflitter,0.754038518
Leaflitter,0.807601711
Leaflitter,0.43669519
Leaflitter,0.230913437
Leaflitter,0.5737521
Leaflitter,0.125941365
Leaflitter,0.627617632
Leaflitter,0.551282511
Leaflitter,0.309154079
Leaflitter,0.577247753
Leaflitter,0.719052303
Leaflitter,0.74134551
Leaflitter,0.496178579
Leaflitter,0.634657105
Leaflitter,0.621346413
Leaflitter,0.498133252
Leaflitter,0.739452392
Leaflitter,0.607133317
Leaflitter,0.401795797
Leaflitter,0.317903833
Leaflitter,0.720784453
Leaflitter,0.244231877
Leaflitter,0.646173462
Leaflitter,0.835727128
Leaflitter,0.290721233
Leaflitter,0.721564278
Leaflitter,0.296390382
Leaflitter,0.351430219
Leaflitter,0.722583673
Leaflitter,0.64358964
Leaflitter,0.114740691
Leaflitter,0.713411638
Leaflitter,0.671351139
Leaflitter,0.765660067
Leaflitter,0.16547107
Leaflitter,0.71414224
Leaflitter,0.472380589
Leaflitter,0.654097835
Leaflitter,0.008741705
Leaflitter,0.527122106
Leaflitter,0.597289714
Leaflitter,0.204882562
Leaflitter,0.48987675
Leaflitter,0.131710693
Leaflitter,0.570149706
Leaflitter,0.669106908
Leaflitter,0.375069675
Leaflitter,0.865634664
Leaflitter,0.798251129
Leaflitter,0.296775599
Leaflitter,0.741066905
Leaflitter,0.830709459
Leaflitter,0.012840238
Leaflitter,0.598463566
Leaflitter,0.516362362
Leaflitter,0.092819366
Leaflitter,0.325117509
Leaflitter,0.774653863
Leaflitter,0.826173388
Leaflitter,0.517191645
Leaflitter,0.887687641
Leaflitter,0.330414766
Leaflitter,0.335329255
Leaflitter,0.633815166
Leaflitter,0.828832332
Leaflitter,0.631417025
Leaflitter,0.723765427
Leaflitter,0.164153634
Leaflitter,0.737181811
Leaflitter,0.227108255
Leaflitter,0.257009767
Leaflitter,0.589507883
Leaflitter,0.147126923
Leaflitter,0.686225116
Leaflitter,0.31275168
Leaflitter,0.225892871
Leaflitter,0.369318977
Leaflitter,0.526889248
Leaflitter,0.285507846
Leaflitter,0.368161648
Leaflitter,0.797604292
Leaflitter,0.307596437
Leaflitter,0.680945057
Leaflitter,0.529098045
Leaflitter,0.132707193
Leaflitter,0.17895794
Leaflitter,0.551800738
Leaflitter,0.572534004
Leaflitter,0.671500371
Leaflitter,0.495550549
Leaflitter,0.545834641
Leaflitter,0.113709704
Leaflitter,0.661083525
Leaflitter,0.481982652
Leaflitter,0.603175595
Leaflitter,0.93543691
Leaflitter,0.403948658
Leaflitter,0.509190313
Leaflitter,0.061561035
Leaflitter,0.575129683
Leaflitter,0.801667646
Leaflitter,0.638333887
Leaflitter,0.577445194
Leaflitter,0.422989477
Leaflitter,0.518216102
Leaflitter,0.38887042
Leaflitter,0.453770047
Leaflitter,0.474367879
Leaflitter,0.847105482
Leaflitter,0.504462563
Leaflitter,0.45868721
Leaflitter,0.874585721
Leaflitter,0.761570384
Leaflitter,0.200377789
Leaflitter,0.308371463
Leaflitter,0.695799412
Leaflitter,0.029854419
Leaflitter,0.480719816
Leaflitter,0.726792076
Leaflitter,0.750958906
Leaflitter,0.912974606
Leaflitter,0.593845681
Leaflitter,0.471467799
Leaflitter,0.204116239
Leaflitter,0.33354151
Leaflitter,0.861881653
Leaflitter,0.358022356
Leaflitter,0.221696319
Leaflitter,0.310325775
Leaflitter,0.329359317
Leaflitter,0.697051889
Leaflitter,0.178250074
Leaflitter,0.460453749
Leaflitter,0.835977992
Leaflitter,0.066202866
Leaflitter,0.678395408
Leaflitter,0.266936669
Leaflitter,0.481526646
Leaflitter,0.704459587
Leaflitter,0.659791438
Leaflitter,0.744467778
Leaflitter,0.637012265
Leaflitter,0.599299831
Leaflitter,0.812245225
Leaflitter,0.806660401
Leaflitter,0.374460777
Leaflitter,0.66900197
Leaflitter,0.747903686
Leaflitter,0.833538251
Leaflitter,0.738613866
Leaflitter,0.728814843
Leaflitter,0.087378141
Leaflitter,0.642084128
Leaflitter,0.219651674
Leaflitter,0.710877941
Leaflitter,0.69594707
Leaflitter,0.652618606
Leaflitter,0.439811246
Leaflitter,0.022994737
Leaflitter,0.872986964
Leaflitter,0.849834341
Leaflitter,0.649359777
Leaflitter,0.432914809
Leaflitter,0.32333737
Leaflitter,0.722279367
Leaflitter,0.978320736
Leaflitter,0.655120505
Leaflitter,0.667750401
Leaflitter,0.442229853
Leaflitter,0.882381593
Leaflitter,0.874151566
Leaflitter,0.765671166
Leaflitter,0.512081683
Leaflitter,0.895405105
Leaflitter,0.373702299
Leaflitter,0.518186011
Leaflitter,0.120748761
Leaflitter,0.56493697
Leaflitter,0.776626958
Leaflitter,0.011323025
Leaflitter,0.651483846
Leaflitter,0.467203522
Leaflitter,0.773364507
Leaflitter,0.528521362
Leaflitter,0.910756881
Leaflitter,0.723922687
Leaflitter,0.734991401
Leaflitter,0.480651761
Leaflitter,0.652991665
Leaflitter,0.6261485
Leaflitter,0.528837281
Leaflitter,0.472692324
Leaflitter,0.145361193
Leaflitter,0.809117336
Leaflitter,0.658882381
Leaflitter,0.485521838
Leaflitter,0.117645157
Leaflitter,0.855314174
Leaflitter,0.104030703
Leaflitter,0.716028106
Leaflitter,0.09879375
Leaflitter,0.314561961
Leaflitter,0.337141819
Leaflitter,0.166417278
Leaflitter,0.165292068
Leaflitter,0.631742622
Leaflitter,0.358772524
Leaflitter,0.819190691
Leaflitter,0.714837933
Leaflitter,0.505372494
Leaflitter,0.172635249
Leaflitter,0.924164782
Leaflitter,0.223974474
Leaflitter,0.543970876
Leaflitter,0.436750698
Leaflitter,0.165881426
Leaflitter,0.898639108
Leaflitter,0.381699075
Leaflitter,0.601073752
Leaflitter,0.425232384
Leaflitter,0.838328695
Leaflitter,0.732274136
Leaflitter,0.258585012
Leaflitter,0.639612961
Leaflitter,0.416008193
Leaflitter,0.363289719
Leaflitter,0.448640393
Leaflitter,0.313156574
Leaflitter,0.533817547
Leaflitter,0.139417737
Leaflitter,0.505207487
Leaflitter,0.713344172
Leaflitter,0.706500729
Leaflitter,0.771885906
Leaflitter,0.091448105
Leaflitter,0.665571412
Leaflitter,0.863752906
Leaflitter,0.375632705
Leaflitter,0.391378456
Leaflitter,0.049646822
Leaflitter,0.661629908
Leaflitter,0.57165883
Leaflitter,0.724319316
Leaflitter,0.816532568
Leaflitter,0.060329372
Leaflitter,0.072167828
Leaflitter,0.662012581
Leaflitter,0.1770117
Leaflitter,0.848073469
Leaflitter,0.985768253
Leaflitter,0.612517595
Leaflitter,0.322955323
Leaflitter,0.300469808
Leaflitter,0.579288039
Leaflitter,0.934946933
Leaflitter,0.44481175
Leaflitter,0.362538922
Leaflitter,0.629104537
Leaflitter,0.32027918
Leaflitter,0.018872057
Leaflitter,0.914418537
Leaflitter,0.330947616
Leaflitter,0.580714957
Leaflitter,0.065627681
Leaflitter,0.624993037
Leaflitter,0.374699948
Leaflitter,0.421689954
Leaflitter,0.160194069
Leaflitter,0.769915642
Leaflitter,0.442071328
Leaflitter,0.236872215
Leaflitter,0.896305538
Leaflitter,0.101169368
Leaflitter,0.775263211
Leaflitter,0.572879757
Leaflitter,0.089193626
Leaflitter,0.045534197
Leaflitter,0.673997013
Leaflitter,0.698928507
Leaflitter,0.872417
Leaflitter,0.735757484
Leaflitter,0.908953359
Leaflitter,0.575019075
Leaflitter,0.598249608
Leaflitter,0.497560848
Leaflitter,0.672046309
Leaflitter,0.513704439
Leaflitter,0.870285093
Leaflitter,0.676295971
Leaflitter,0.75897799
Leaflitter,0.970003193
Leaflitter,0.941089427
Leaflitter,0.536449941
Leaflitter,0.725493543
Leaflitter,0.636695589
Leaflitter,0.473809095
Leaflitter,0.04706421
Leaflitter,0.197262933
Leaflitter,0.442760794
Leaflitter,0.679430498
Leaflitter,0.853629593
Leaflitter,0.543132623
Leaflitter,0.249005177
Leaflitter,0.663662767
Leaflitter,0.84877273
Leaflitter,0.618324573
Leaflitter,0.480303446
Leaflitter,0.79966651
Leaflitter,0.726887161
Leaflitter,0.800859238
Leaflitter,0.512729296
Leaflitter,0.84646136
Leaflitter,0.909339946
Leaflitter,0.836255473
Leaflitter,0.681865579
Leaflitter,0.277623964
Leaflitter,0.472851134
Leaflitter,0.605677136
Leaflitter,0.611403878
Leaflitter,0.67757862
Leaflitter,0.369456438
Leaflitter,0.54757829
Leaflitter,0.750291036
Leaflitter,0.485916099
Leaflitter,0.674211211
Leaflitter,0.258979088
Leaflitter,0.792550799
Leaflitter,0.298464753
Leaflitter,0.356366073
Leaflitter,0.302029968
Leaflitter,0.356650987
Leaflitter,0.255084145
Leaflitter,0.785967122
Leaflitter,0.816864822
Leaflitter,0.407360382
Leaflitter,0.689022653
Leaflitter,0.634802497
Leaflitter,0.589587633
Leaflitter,0.216971482
Leaflitter,0.694724413
Leaflitter,0.734069686
Leaflitter,0.570701761
Leaflitter,0.587303816
Leaflitter,0.734124964
Leaflitter,0.259762209
Leaflitter,0.956247075
Leaflitter,0.768714887
Leaflitter,0.868311158
Leaflitter,0.766694598
Leaflitter,0.575639725
Leaflitter,0.79758798
Leaflitter,0.253053364
Leaflitter,0.153983809
Leaflitter,0.060189593
Leaflitter,0.09680655
Leaflitter,0.511615428
Leaflitter,0.303491363
Leaflitter,0.809405575
Leaflitter,0.727087991
Leaflitter,0.183696687
Leaflitter,0.322008543
Leaflitter,0.211448759
Leaflitter,0.352453779
Leaflitter,0.842514176
Leaflitter,0.132422655
Leaflitter,0.080867936
Leaflitter,0.182248117
Leaflitter,0.541161162
Leaflitter,0.003620463
Leaflitter,0.762265956
Leaflitter,0.296868547
Leaflitter,0.079774163
Leaflitter,0.859102738
Leaflitter,0.289101956
Leaflitter,0.491250418
Leaflitter,0.210872717
Leaflitter,0.587977889
Leaflitter,0.70839848
Leaflitter,0.532644004
Leaflitter,0.822616418
Leaflitter,0.434544522
Leaflitter,0.348265942
Leaflitter,0.152365553
Leaflitter,0.789867845
Leaflitter,0.664903013
Leaflitter,0.002399823
Leaflitter,0.084807891
Leaflitter,0.766717094
Leaflitter,0.609774406
Leaflitter,0.686288731
Leaflitter,0.597454549
Leaflitter,0.729934039
Leaflitter,0.421857656
Leaflitter,0.604319387
Leaflitter,0.483713813
Leaflitter,0.729424971
Leaflitter,0.307545068
Leaflitter,0.707796591
Leaflitter,0.667952004
Leaflitter,0.490765371
Leaflitter,0.471621757
Leaflitter,0.352886692
Leaflitter,0.6388592
Leaflitter,0.462996908
Leaflitter,0.865283844
Leaflitter,0.580503185
Leaflitter,0.915646837
Leaflitter,0.878293675
Leaflitter,0.863861959
Leaflitter,0.360610353
Leaflitter,0.250617667
Leaflitter,0.444967545
Leaflitter,0.450287332
Leaflitter,0.752141279
Leaflitter,0.832205131
Leaflitter,0.454521717
Leaflitter,0.820456215
Leaflitter,0.323128539
Leaflitter,0.364888216
Leaflitter,0.441793686
Leaflitter,0.705388246
Leaflitter,0.353616526
Leaflitter,0.101120122
Leaflitter,0.519466019
Leaflitter,0.759633353
Leaflitter,0.543071219
Leaflitter,0.832908018
Leaflitter,0.821256189
Leaflitter,0.119573927
Leaflitter,0.663602046
Leaflitter,0.693778892
Leaflitter,0.35516775
Leaflitter,0.621713618
Leaflitter,0.430192208
Leaflitter,0.498414063
Leaflitter,0.126190182
Leaflitter,0.607952394
Leaflitter,0.171720221
Leaflitter,0.86781712
Leaflitter,0.607382057
Leaflitter,0.586056321
Leaflitter,0.330837135
Leaflitter,0.881155761
Leaflitter,0.065681935
Leaflitter,0.783232511
Leaflitter,0.564330291
Leaflitter,0.733993306
Leaflitter,0.45202782
Leaflitter,0.553495693
Leaflitter,0.323797494
Leaflitter,0.492663366
Leaflitter,0.625917344
Leaflitter,0.530491394
Leaflitter,0.577327588
Leaflitter,0.614629992
Leaflitter,0.63147254
Leaflitter,0.419633811
Leaflitter,0.884138324
Leaflitter,0.585617254
Leaflitter,0.293965862
Leaflitter,0.431947702
Leaflitter,0.83241136
Leaflitter,0.416360052
Leaflitter,0.761242157
Leaflitter,0.552302519
Leaflitter,0.064189274
Leaflitter,0.643887782
Leaflitter,0.779410958
Leaflitter,0.972247652
Leaflitter,0.320021981
Leaflitter,0.564032508
Leaflitter,0.799073683
Leaflitter,0.320370946
Leaflitter,0.648297864
Leaflitter,0.600221207
Leaflitter,0.909695244
Leaflitter,0.298399915
Leaflitter,0.61315772
Leaflitter,0.096173602
Leaflitter,0.341955762
Leaflitter,0.688965035
Leaflitter,0.422197007
Leaflitter,0.45711358
Leaflitter,0.269967868
Leaflitter,0.036637041
Leaflitter,0.740988218
Leaflitter,0.269139801
Leaflitter,0.216118532
Leaflitter,0.516192878
Leaflitter,0.3597188
Leaflitter,0.12957972
Leaflitter,0.723475336
Leaflitter,0.395109888
Leaflitter,0.689775117
Leaflitter,0.010480133
Leaflitter,0.689615546
Leaflitter,0.619407689
Leaflitter,0.628024925
Leaflitter,0.245283036
Leaflitter,0.02562605
Leaflitter,0.700161729
Leaflitter,0.763635061
Leaflitter,0.180519197
Leaflitter,0.636941818
Leaflitter,0.780202119
Leaflitter,0.247448999
Leaflitter,0.709715875
Leaflitter,0.372795003
Leaflitter,0.263035314
Leaflitter,0.15675738
Leaflitter,0.254516667
Leaflitter,0.461680325
Leaflitter,0.262304533
Leaflitter,0.653891213
Leaflitter,0.365962348
Leaflitter,0.35042617
Leaflitter,0.19971948
Leaflitter,0.855075688
Leaflitter,0.615311694
Leaflitter,0.549048118
Leaflitter,0.515471823
Leaflitter,0.395460353
Leaflitter,0.490825253
Leaflitter,0.531707607
Leaflitter,0.288239395
Leaflitter,0.548477403
Leaflitter,0.581332472
Leaflitter,0.23441162
Leaflitter,0.557499594
Leaflitter,0.744552591
Leaflitter,0.721907012
Leaflitter,0.31324001
Leaflitter,0.43447089
Leaflitter,0.256935119
Leaflitter,0.047431409
Leaflitter,0.297327959
Leaflitter,0.506647811
Leaflitter,0.281575668
Leaflitter,0.42090518
Leaflitter,0.954105202
Leaflitter,0.585227472
Leaflitter,0.791799697
Leaflitter,0.676143954
Leaflitter,0.630950637
Leaflitter,0.531339863
Leaflitter,0.153843395
Leaflitter,0.727415713
Leaflitter,0.245927443
Leaflitter,0.210114356
Leaflitter,0.107136476
Leaflitter,0.613627775
Leaflitter,0.616887178
Leaflitter,0.480816765
Leaflitter,0.140585947
Leaflitter,0.622782531
Leaflitter,0.781894235
Leaflitter,0.875475993
Leaflitter,0.588982046
Leaflitter,0.14445179
Leaflitter,0.242945441
Leaflitter,0.506757654
Leaflitter,0.705427575
Leaflitter,0.763332073
Leaflitter,0.434845278
Leaflitter,0.057861561
Leaflitter,0.474857741
Leaflitter,0.544136813
Leaflitter,0.50959542
Leaflitter,0.390790952
Leaflitter,0.578657643
Leaflitter,0.295302632
Leaflitter,0.68168636
Leaflitter,0.543406757
Leaflitter,0.099068418
Leaflitter,0.004395754
Leaflitter,0.36636375
Leaflitter,0.724551113
Leaflitter,0.212676604
Leaflitter,0.863837767
Leaflitter,0.282559428
Leaflitter,0.601675019
Leaflitter,0.167564799
Leaflitter,0.657758009
Leaflitter,0.785523086
Leaflitter,0.965308896
Leaflitter,0.924153558
Leaflitter,0.129983052
Leaflitter,0.782050879
Leaflitter,0.066624707
Leaflitter,0.21529668
Leaflitter,0.790961706
Leaflitter,0.914123671
Leaflitter,0.699808247
Leaflitter,0.434058242
Leaflitter,0.033236375
Leaflitter,0.654856384
Leaflitter,0.949840378
Leaflitter,0.676587252
Leaflitter,0.615257582
Leaflitter,0.359527139
Leaflitter,0.600993869
Leaflitter,0.805162702
Leaflitter,0.081867551
Leaflitter,0.373719027
Leaflitter,0.902892578
Leaflitter,0.698648181
Leaflitter,0.428149189
Leaflitter,0.494485863
Leaflitter,0.40051271
Leaflitter,0.646113746
Leaflitter,0.068386963
Leaflitter,0.081676301
Leaflitter,0.40596624
Leaflitter,0.62963775
Leaflitter,0.595199018
Leaflitter,0.166357082
Leaflitter,0.167550936
Leaflitter,0.06206096
Leaflitter,0.611532286
Leaflitter,0.831428332
Leaflitter,0.139730458
Leaflitter,0.521832111
Leaflitter,0.716104316
Leaflitter,0.346887929
Leaflitter,0.919184778
Leaflitter,0.689356964
Leaflitter,0.640821319
Leaflitter,0.955733177
Leaflitter,0.669077976
Leaflitter,0.326186139
Leaflitter,0.741073321
Leaflitter,0.260467472
Leaflitter,0.762402358
Leaflitter,0.531636711
Leaflitter,0.732436215
Leaflitter,0.757339645
Leaflitter,0.694082469
Leaflitter,0.108562211
Leaflitter,0.524062123
Leaflitter,0.662597417
Leaflitter,0.498130693
Leaflitter,0.643564286
Leaflitter,0.476898887
Leaflitter,0.896784081
Leaflitter,0.696021252
Leaflitter,0.111390179
Leaflitter,0.478701719
Leaflitter,0.674821134
Leaflitter,0.923150962
Leaflitter,0.349967213
Leaflitter,0.101200419
Leaflitter,0.727447679
Leaflitter,0.449825107
Leaflitter,0.564036419
Leaflitter,0.468058723
Leaflitter,0.584106791
Leaflitter,0.92413997
Leaflitter,0.613899811
Leaflitter,0.746415247
Leaflitter,0.353803167
Leaflitter,0.124515302
Leaflitter,0.651995369
Leaflitter,0.787275207
Leaflitter,0.034357654
Leaflitter,0.411845708
Leaflitter,0.816851354
Leaflitter,0.553778311
Leaflitter,0.267979252
Leaflitter,0.695838454
Leaflitter,0.472452017
Leaflitter,0.827101598
Leaflitter,0.565550117
Leaflitter,0.407084982
Leaflitter,0.938121561
Leaflitter,0.395622124
Leaflitter,0.374026504
Leaflitter,0.346552558
Leaflitter,0.935838411
Leaflitter,0.051569954
Leaflitter,0.790021799
Leaflitter,0.592697773
Leaflitter,0.107453634
Leaflitter,0.358066738
Leaflitter,0.802757037
Leaflitter,0.560871738
Leaflitter,0.948541582
Leaflitter,0.661773116
Leaflitter,0.681980878
Leaflitter,0.555927817
Leaflitter,0.564289254
Leaflitter,0.871638263
Leaflitter,0.570264472
Leaflitter,0.694733905
Leaflitter,0.445296401
Leaflitter,0.508672263
Leaflitter,0.476844128
Leaflitter,0.776805043
Leaflitter,0.54548239
Leaflitter,0.627721735
Leaflitter,0.218621246
Leaflitter,0.69769481
Leaflitter,0.833062615
Leaflitter,0.911777198
Leaflitter,0.502008592
Leaflitter,0.12404875
Leaflitter,0.285148758
Leaflitter,0.581490726
Leaflitter,0.473312767
Leaflitter,0.624332468
Leaflitter,0.863322878
Leaflitter,0.573306122
Leaflitter,0.427504825
Leaflitter,0.064127535
Leaflitter,0.054207084
Leaflitter,0.797725673
Leaflitter,0.150018524
Leaflitter,0.866532532
Leaflitter,0.10884601
Leaflitter,0.89335335
Leaflitter,0.91778815
Leaflitter,0.491448963
Leaflitter,0.330479561
Leaflitter,0.343628864
Leaflitter,0.671528778
Leaflitter,0.324439851
Leaflitter,0.027933414
Leaflitter,0.532345263
Leaflitter,0.911557267
Leaflitter,0.814054255
Leaflitter,0.470383008
Leaflitter,0.525717424
Leaflitter,0.730081395
Leaflitter,0.548169257
Leaflitter,0.258918354
Leaflitter,0.761645096
Leaflitter,0.719296877
Leaflitter,0.219083951
Leaflitter,0.22311758
Leaflitter,0.720184642
Leaflitter,0.681540964
Leaflitter,0.518620634
Leaflitter,0.491356144
Leaflitter,0.621572491
Leaflitter,0.023496652
Leaflitter,0.814016925
Leaflitter,0.809352378
Leaflitter,0.683274448
Leaflitter,0.631037902
Leaflitter,0.717659529
Leaflitter,0.702700131
Leaflitter,0.494280699
Leaflitter,0.76518805
Leaflitter,0.720661885
Leaflitter,0.047178449
Leaflitter,0.541446544
Leaflitter,0.388514694
Leaflitter,0.713397229
Leaflitter,0.124365405
Leaflitter,0.598871964
Leaflitter,0.042140048
Leaflitter,0.009622516
Leaflitter,0.46953077
Leaflitter,0.698280093
Leaflitter,0.777580079
Leaflitter,0.801603603
Leaflitter,0.838637191
Leaflitter,0.498922409
Leaflitter,0.324277098
Leaflitter,0.481630209
Leaflitter,0.486112291
Leaflitter,0.173559748
Leaflitter,0.186314917
Leaflitter,0.811893845
Leaflitter,0.888448789
Leaflitter,0.279190876
Leaflitter,0.443534716
Leaflitter,0.172630052
Leaflitter,0.204222179
Leaflitter,0.398920428
Leaflitter,0.041361739
Leaflitter,0.367327888
Leaflitter,0.803584828
Leaflitter,0.346082682
Leaflitter,0.831479638
Leaflitter,0.31199674
Leaflitter,0.848579067
Leaflitter,0.912407351
Leaflitter,0.196458086
Leaflitter,0.244064641
Leaflitter,0.438442849
Leaflitter,0.93161334
Leaflitter,0.727640491
Leaflitter,0.6820682
Leaflitter,0.853367444
Leaflitter,0.19074086
Leaflitter,0.601146573
Leaflitter,0.783213065
Leaflitter,0.658079031
Leaflitter,0.849904841
Leaflitter,0.003483069
Leaflitter,0.305034551
Leaflitter,0.215781849
Leaflitter,0.154584079
Leaflitter,0.345540551
Leaflitter,0.859383532
Leaflitter,0.882193097
Leaflitter,0.223467252
Leaflitter,0.75639809
Leaflitter,0.564207828
Leaflitter,0.35175086
Leaflitter,0.653215986
Leaflitter,0.843254357
Leaflitter,0.151055241
Leaflitter,0.713137251
Leaflitter,0.908450989
Leaflitter,0.677325925
Leaflitter,0.551924077
Leaflitter,0.657264749
Leaflitter,0.930385231
Leaflitter,0.359846551
Leaflitter,0.925606715
Leaflitter,0.828559213
Leaflitter,0.006980674
Leaflitter,0.764317213
Leaflitter,0.535326797
Leaflitter,0.917857124
Leaflitter,0.143976902
Leaflitter,0.733844688
Leaflitter,0.33965123
Leaflitter,0.843620495
Leaflitter,0.797557908
Leaflitter,0.46819771
Leaflitter,0.497340609
Leaflitter,0.703397898
Leaflitter,0.815758344
Leaflitter,0.656344721
Leaflitter,0.700983099
Leaflitter,0.713408162
Leaflitter,0.707625298
Leaflitter,0.637320722
Leaflitter,0.822699861
Leaflitter,0.523834744
Leaflitter,0.62583438
Leaflitter,0.59192182
Leaflitter,0.409229515
Leaflitter,0.484820737
Leaflitter,0.302424806
Leaflitter,0.680587709
Leaflitter,0.79052412
Leaflitter,0.562376524
Leaflitter,0.515222394
Leaflitter,0.604479859
Leaflitter,0.042248371
Leaflitter,0.893287113
Leaflitter,0.631269626
Leaflitter,0.884172812
Leaflitter,0.954312911
Leaflitter,0.133932115
Leaflitter,0.576363574
Leaflitter,0.07183923
Leaflitter,0.40154574
Leaflitter,0.191571418
Leaflitter,0.22196158
Leaflitter,0.624036249
Leaflitter,0.262915279
Leaflitter,0.871812552
Leaflitter,0.467722426
Leaflitter,0.847805434
Leaflitter,0.739610737
Leaflitter,0.280383631
Leaflitter,0.222089431
Leaflitter,0.783519301
Leaflitter,0.259943739
Leaflitter,0.582537591
Leaflitter,0.286536702
Leaflitter,0.732733103
Leaflitter,0.709586081
Leaflitter,0.941093622
Leaflitter,0.945841692
Leaflitter,0.902750922
Leaflitter,0.810121213
Leaflitter,0.325010557
Leaflitter,0.028039473
Leaflitter,0.129790038
Leaflitter,0.434802606
Leaflitter,0.370604211
Leaflitter,0.209595663
Leaflitter,0.48159679
Leaflitter,0.27380071
Leaflitter,0.790069963
Leaflitter,0.814915482
Leaflitter,0.489450411
Leaflitter,0.422357436
Leaflitter,0.380299635
Leaflitter,0.273268313
Leaflitter,0.873689863
Leaflitter,0.87662439
Leaflitter,0.193893666
Leaflitter,0.347499624
Leaflitter,0.232385103
Leaflitter,0.489713176
Leaflitter,0.753090137
Leaflitter,0.320292997
Leaflitter,0.279741635
Leaflitter,0.615800861
Leaflitter,0.555151591
Leaflitter,0.685453185
Leaflitter,0.523317095
Leaflitter,0.950576138
Leaflitter,0.267919516
Leaflitter,0.533285819
Leaflitter,0.370572614
Leaflitter,0.951622425
Leaflitter,0.757562012
Leaflitter,0.645495696
Leaflitter,0.482370715
Leaflitter,0.693431048
Leaflitter,0.152835489
Leaflitter,0.871276129
Leaflitter,0.559320765
Leaflitter,0.263346956
Leaflitter,0.336928075
Leaflitter,0.60742911
Leaflitter,0.014143832
Leaflitter,0.181851607
Leaflitter,0.342792359
Leaflitter,0.713954439
Leaflitter,0.676184329
Leaflitter,0.706373644
Leaflitter,0.293168889
Leaflitter,0.7917
Leaflitter,0.749032524
Leaflitter,0.565511241
Leaflitter,0.493920239
Leaflitter,0.240896694
Leaflitter,0.642475485
Leaflitter,0.447717018
Leaflitter,0.643405853
Leaflitter,0.354791054
Leaflitter,0.571491538
Leaflitter,0.892805404
Leaflitter,0.542988789
Leaflitter,0.923311777
Leaflitter,0.330686497
Leaflitter,0.457482628
Leaflitter,0.57815601
Leaflitter,0.470396776
Leaflitter,0.440857279
Leaflitter,0.669391928
Leaflitter,0.543410457
Leaflitter,0.139559766
Leaflitter,0.470590756
Leaflitter,0.589784254
Leaflitter,0.036190553
Leaflitter,0.567998929
Leaflitter,0.54321237
Leaflitter,0.78798787
Leaflitter,0.710309889
Leaflitter,0.607774214
Leaflitter,0.469355891
Leaflitter,0.811756267
Leaflitter,0.632653412
Leaflitter,0.556104286
Leaflitter,0.601426149
Leaflitter,0.125000941
Leaflitter,0.625761236
Leaflitter,0.106593351
Leaflitter,0.499017296
Leaflitter,0.349275263
Leaflitter,0.550228847
Leaflitter,0.764467592
Leaflitter,0.463050307
Leaflitter,0.885278392
Leaflitter,0.103542613
Leaflitter,0.147521839
Leaflitter,0.421694935
Leaflitter,0.451897393
Leaflitter,0.598979216
Leaflitter,0.652925708
Leaflitter,0.301019241
Leaflitter,0.804283804
Leaflitter,0.564482583
Leaflitter,0.342163618
Leaflitter,0.47389678
Leaflitter,0.466207366
Leaflitter,0.426931662
Leaflitter,0.022845022
Leaflitter,0.612441814
Leaflitter,0.586351418
Leaflitter,0.106911554
Leaflitter,0.742349505
Leaflitter,0.252412949
Leaflitter,0.384374953
Leaflitter,0.507997261
Leaflitter,0.518857563
Leaflitter,0.398791896
Leaflitter,0.100467251
Leaflitter,0.451841569
Leaflitter,0.574825546
Leaflitter,0.46651365
Leaflitter,0.579191024
Leaflitter,0.952197634
Leaflitter,0.281748968
Leaflitter,0.941283921
Leaflitter,0.754541069
Leaflitter,0.614764808
Leaflitter,0.181279846
Leaflitter,0.626929094
Leaflitter,0.207074327
Leaflitter,0.300157424
Leaflitter,0.468647306
Leaflitter,0.671982379
Leaflitter,0.596079967
Leaflitter,0.626857662
Leaflitter,0.593720404
Leaflitter,0.303492725
Leaflitter,0.691290325
Leaflitter,0.264975507
Leaflitter,0.611323291
Leaflitter,0.436697738
Leaflitter,0.775163226
Leaflitter,0.260347069
Leaflitter,0.826902921
Leaflitter,0.549281308
Leaflitter,0.565429866
Leaflitter,0.601853015
Leaflitter,0.679707262
Leaflitter,0.290351625
Leaflitter,0.866189405
Leaflitter,0.683442839
Leaflitter,0.820799614
Leaflitter,0.693869906
Leaflitter,0.359138188
Leaflitter,0.685963631
Leaflitter,0.215011335
Leaflitter,0.826848793
Leaflitter,0.449872498
Leaflitter,0.75942653
Leaflitter,0.356464533
Leaflitter,0.249653142
Leaflitter,0.858519056
Leaflitter,0.464508195
Leaflitter,0.096246952
Leaflitter,0.252444692
Leaflitter,0.406121424
Leaflitter,0.678086197
Leaflitter,0.569815481
Leaflitter,0.376974274
Leaflitter,0.703022012
Leaflitter,0.677347842
Leaflitter,0.44427553
Leaflitter,0.560102976
Leaflitter,0.478761564
Leaflitter,0.826264359
Leaflitter,0.831536991
Leaflitter,0.868558574
Leaflitter,0.783352135
Leaflitter,0.075318967
Leaflitter,0.882074361
Leaflitter,0.788123367
Leaflitter,0.500787173
Leaflitter,0.742518518
Leaflitter,0.166613654
Leaflitter,0.64499664
Leaflitter,0.374890668
Leaflitter,0.417032408
Leaflitter,0.913212333
Leaflitter,0.791754109
Leaflitter,0.559367365
Leaflitter,0.295223979
Leaflitter,0.361908922
Leaflitter,0.47343884
Leaflitter,0.746950006
Leaflitter,0.677021692
Leaflitter,0.549561375
Leaflitter,0.314102135
Leaflitter,0.370420331
Leaflitter,0.857086455
Leaflitter,0.714094996
Leaflitter,0.549330151
Leaflitter,0.837029678
Leaflitter,0.12786606
Leaflitter,0.852815389
Leaflitter,0.831913982
Leaflitter,0.056207859
Leaflitter,0.088155101
Leaflitter,0.440477469
Leaflitter,0.689498244
Leaflitter,0.518303342
Leaflitter,0.598080547
Leaflitter,0.218790553
Leaflitter,0.951990863
Leaflitter,0.83460359
Leaflitter,0.847249356
Leaflitter,0.768163907
Leaflitter,0.451685027
Leaflitter,0.88928694
Leaflitter,0.108838469
Leaflitter,0.526458648
Leaflitter,0.817371352
Leaflitter,0.123963352
Leaflitter,0.091929021
Leaflitter,0.530571554
Leaflitter,0.735378494
Leaflitter,0.47629444
Leaflitter,0.265191916
Leaflitter,0.557927521
Leaflitter,0.528164193
Leaflitter,0.396751812
Leaflitter,0.428861553
Leaflitter,0.335950912
Leaflitter,0.511847414
Leaflitter,0.909206279
Leaflitter,0.429799921
Leaflitter,0.535225987
Leaflitter,0.677163901
Leaflitter,0.452323741
Leaflitter,0.515875596
Leaflitter,0.49704417
Leaflitter,0.31106713
Leaflitter,0.481163733
Leaflitter,0.399293071
Leaflitter,0.822965325
Leaflitter,0.643688938
Leaflitter,0.197195455
Leaflitter,0.377797335
Leaflitter,0.457821668
Leaflitter,0.878583256
Leaflitter,0.865613103
Leaflitter,0.45933471
Leaflitter,0.23157667
Leaflitter,0.636409516
Leaflitter,0.035803938
Leaflitter,0.621680419
Leaflitter,0.480319543
Leaflitter,0.200021236
Leaflitter,0.899934258
Leaflitter,0.61125914
Leaflitter,0.334024261
Leaflitter,0.60540981
Leaflitter,0.176773025
Leaflitter,0.620354155
Leaflitter,0.090735364
Leaflitter,0.610897151
Leaflitter,0.456169727
Leaflitter,0.601190116
Leaflitter,0.902986912
Leaflitter,0.551689512
Leaflitter,0.493409484
Leaflitter,0.801837192
Leaflitter,0.774059125
Leaflitter,0.083713072
Leaflitter,0.825277953
Leaflitter,0.480771549
Leaflitter,0.014958331
Leaflitter,0.628479599
Leaflitter,0.342605606
Leaflitter,0.539635029
Leaflitter,0.124104596
Leaflitter,0.81168461
Leaflitter,0.533611869
Leaflitter,0.59101065
Leaflitter,0.434148193
Leaflitter,0.901121854
Leaflitter,0.856106113
Leaflitter,0.749519344
Leaflitter,0.691620029
Leaflitter,0.38979304
Leaflitter,0.727888054
Leaflitter,0.457628105
Leaflitter,0.789404071
Leaflitter,0.283074021
Leaflitter,0.266125316
Leaflitter,0.140303858
Leaflitter,0.667421425
Leaflitter,0.63366397
Leaflitter,0.749016127
Leaflitter,0.246895167
Leaflitter,0.801480227
Leaflitter,0.767002042
Leaflitter,0.636393766
Leaflitter,0.231506571
Leaflitter,0.456348155
Leaflitter,0.793751903
Leaflitter,0.784624496
Leaflitter,0.403138441
Leaflitter,0.395389601
Leaflitter,0.506449587
Leaflitter,0.612588623
Leaflitter,0.717759254
Leaflitter,0.139124607
Leaflitter,0.293448129
Leaflitter,0.811937254
Leaflitter,0.844109323
Leaflitter,0.545386823
Leaflitter,0.708452765
Leaflitter,0.714603637
Leaflitter,0.40270383
Leaflitter,0.737806294
Leaflitter,0.079590076
Leaflitter,0.597986993
Leaflitter,0.873411487
Leaflitter,0.253998035
Leaflitter,0.720871323
Leaflitter,0.892651351
Leaflitter,0.599812939
Leaflitter,0.071531564
Leaflitter,0.530605776
Leaflitter,0.069019188
Leaflitter,0.509574999
Leaflitter,0.519143433
Leaflitter,0.01362052
Leaflitter,0.112155563
Leaflitter,0.6543741
Leaflitter,0.756757524
Leaflitter,0.528091233
Leaflitter,0.522752275
Leaflitter,0.883150483
Leaflitter,0.394675079
Leaflitter,0.439302008
Leaflitter,0.208851315
Leaflitter,0.719155784
Leaflitter,0.434217948
Leaflitter,0.848796472
Leaflitter,0.357590661
Leaflitter,0.325513208
Leaflitter,0.879321671
Leaflitter,0.595745942
Leaflitter,0.257613276
Leaflitter,0.971057654
Leaflitter,0.152807937
Leaflitter,0.717100575
Leaflitter,0.788151481
Leaflitter,0.782194716
Leaflitter,0.49475827
Leaflitter,0.618583372
Leaflitter,0.821456059
Leaflitter,0.417512183
Leaflitter,0.792536462
Leaflitter,0.565938468
Leaflitter,0.728839572
Leaflitter,0.581969641
Leaflitter,0.611498304
Leaflitter,0.692544714
Leaflitter,0.90722745
Leaflitter,0.720559509
Leaflitter,0.779968819
Leaflitter,0.185410132
Leaflitter,0.756117469
Leaflitter,0.506135858
Leaflitter,0.505264469
Leaflitter,0.763403564
Leaflitter,0.732985307
Leaflitter,0.383707704
Leaflitter,0.851194698
Leaflitter,0.434669718
Leaflitter,0.438675325
Leaflitter,0.113485775
Leaflitter,0.758510465
Leaflitter,0.343117629
Leaflitter,0.593669114
Leaflitter,0.349404688
Leaflitter,0.026308846
Leaflitter,0.193473022
Leaflitter,0.688565766
Leaflitter,0.650916782
Leaflitter,0.558311534
Leaflitter,0.432550594
Leaflitter,0.764216339
Leaflitter,0.476112212
Leaflitter,0.733760665
Leaflitter,0.685236451
Leaflitter,0.584686592
Leaflitter,0.968767734
Leaflitter,0.792706838
Leaflitter,0.711993723
Leaflitter,0.44429253
Leaflitter,0.638998691
Leaflitter,0.916261527
Leaflitter,0.612492923
Leaflitter,0.707547591
Leaflitter,0.757226267
Leaflitter,0.76927918
Leaflitter,0.533879397
Leaflitter,0.525230693
Leaflitter,0.768980852
Leaflitter,0.394078508
Leaflitter,0.284453396
Leaflitter,0.579554263
Leaflitter,0.616984314
Leaflitter,0.512440594
Leaflitter,0.875649471
Leaflitter,0.69204745
Leaflitter,0.226991516
Leaflitter,0.553227093
Leaflitter,0.836939868
Leaflitter,0.348283272
Leaflitter,0.249493052
Leaflitter,0.76097707
Leaflitter,0.566719217
Leaflitter,0.77477193
Leaflitter,0.564306163
Leaflitter,0.166088133
Leaflitter,0.813149444
Leaflitter,0.310530626
Leaflitter,0.263016059
Leaflitter,0.533813701
Leaflitter,0.947780356
Leaflitter,0.347133385
Leaflitter,0.293247505
Leaflitter,0.64136958
Leaflitter,0.024622977
Leaflitter,0.1927025
Leaflitter,0.860726088
Leaflitter,0.68955489
Leaflitter,0.387839733
Leaflitter,0.012617595
Leaflitter,0.272371911
Leaflitter,0.737908939
Leaflitter,0.529264702
Leaflitter,0.506841544
Leaflitter,0.533680754
Leaflitter,0.942310088
Leaflitter,0.617703407
Leaflitter,0.300256419
Leaflitter,0.517150156
Leaflitter,0.632760086
Leaflitter,0.080297636
Leaflitter,0.75791117
Leaflitter,0.392100251
Leaflitter,0.655173259
Leaflitter,0.578303318
Leaflitter,0.537683587
Leaflitter,0.166620139
Leaflitter,0.854513537
Leaflitter,0.844892951
Leaflitter,0.525439191
Leaflitter,0.382684974
Leaflitter,0.370228119
Leaflitter,0.628176136
Leaflitter,0.931777387
Leaflitter,0.454744582
Leaflitter,0.049846118
Leaflitter,0.606374578
Leaflitter,0.602010504
Leaflitter,0.619733681
Leaflitter,0.550031116
Leaflitter,0.484059258
Leaflitter,0.184093353
Leaflitter,0.084094897
Leaflitter,0.603863644
Leaflitter,0.389926125
Leaflitter,0.62311937
Leaflitter,0.583813646
Leaflitter,0.727917638
Leaflitter,0.538201555
Leaflitter,0.663115487
Leaflitter,0.562081542
Leaflitter,0.653244445
Leaflitter,0.318754595
Leaflitter,0.166505304
Leaflitter,0.850059837
Leaflitter,0.596474719
Leaflitter,0.262494719
Leaflitter,0.011053443
Leaflitter,0.150069904
Leaflitter,0.609533532
Leaflitter,0.440959672
Leaflitter,0.422314587
Leaflitter,0.210745
Leaflitter,0.100637523
Leaflitter,0.151948059
Leaflitter,0.445243598
Leaflitter,0.329842024
Leaflitter,0.47132043
Leaflitter,0.423483818
Leaflitter,0.709199932
Leaflitter,0.703803282
Leaflitter,0.833893154
Leaflitter,0.89027933
Leaflitter,0.586429371
Leaflitter,0.477933997
Leaflitter,0.75598826
Leaflitter,0.79781398
Leaflitter,0.17418003
Leaflitter,0.147222259
Leaflitter,0.350203441
Leaflitter,0.597914255
Leaflitter,0.180084482
Leaflitter,0.604868395
Leaflitter,0.422528053
Leaflitter,0.41080442
Leaflitter,0.496541026
Leaflitter,0.494956434
Leaflitter,0.67365393
Leaflitter,0.290854651
Leaflitter,0.600934709
Leaflitter,0.172627557
Leaflitter,0.132055425
Leaflitter,0.015314646
Leaflitter,0.407149899
Leaflitter,0.197566831
Leaflitter,0.597319514
Leaflitter,0.165472458
Leaflitter,0.498679599
Leaflitter,0.941806333
Leaflitter,0.768126444
Leaflitter,0.906159221
Leaflitter,0.390925782
Leaflitter,0.239163028
Leaflitter,0.707688551
Leaflitter,0.816489462
Leaflitter,0.717874764
Leaflitter,0.578596463
Leaflitter,0.688852779
Leaflitter,0.572708081
Leaflitter,0.183718871
Leaflitter,0.023012419
Leaflitter,0.527379395
Leaflitter,0.76994132
Leaflitter,0.823086258
Leaflitter,0.649841148
Leaflitter,0.172137132
Leaflitter,0.046598505
Leaflitter,0.230206429
Leaflitter,0.85079577
Leaflitter,0.373028513
Leaflitter,0.246104502
Leaflitter,0.258268024
Leaflitter,0.396032976
Leaflitter,0.252999192
Leaflitter,0.105997227
Leaflitter,0.485019818
Leaflitter,0.573390048
Leaflitter,0.726307518
Leaflitter,0.242629312
Leaflitter,0.274129468
Leaflitter,0.195015516
Leaflitter,0.059986124
Leaflitter,0.732688727
Leaflitter,0.350010999
Leaflitter,0.455075593
Leaflitter,0.519050188
Leaflitter,0.749971519
Leaflitter,0.528120381
Leaflitter,0.341080007
Leaflitter,0.455150222
Leaflitter,0.56733575
Leaflitter,0.606162685
Leaflitter,0.76693434
Leaflitter,0.753006969
Leaflitter,0.085798117
Leaflitter,0.061858679
Leaflitter,0.900035053
Leaflitter,0.010297461
Leaflitter,0.296852528
Leaflitter,0.477069219
Leaflitter,0.685190163
Leaflitter,0.745606139
Leaflitter,0.599644695
Leaflitter,0.272528936
Leaflitter,0.341835283
Leaflitter,0.41649019
Leaflitter,0.596448699
Leaflitter,0.307713519
Leaflitter,0.379118014
Leaflitter,0.068166011
Leaflitter,0.28356887
Leaflitter,0.430920753
Leaflitter,0.322360502
Leaflitter,0.501369651
Leaflitter,0.472959105
Leaflitter,0.484288294
Leaflitter,0.192813242
Leaflitter,0.805136827
Leaflitter,0.602283404
Leaflitter,0.559910506
Leaflitter,0.477114442
Leaflitter,0.850606824
Leaflitter,0.871749852
Leaflitter,0.632580625
Leaflitter,0.812771242
Leaflitter,0.606432633
Leaflitter,0.040245742
Leaflitter,0.629088724
Leaflitter,0.891327393
Leaflitter,0.804516257
Leaflitter,0.475104088
Leaflitter,0.789294555
Leaflitter,0.47567834
Leaflitter,0.494626516
Leaflitter,0.780790343
Leaflitter,0.402884772
Leaflitter,0.314541956
Leaflitter,0.761641913
Leaflitter,0.836875557
Leaflitter,0.408965892
Leaflitter,0.249924103
Leaflitter,0.372611024
Leaflitter,0.800776718
Leaflitter,0.541573781
Leaflitter,0.598641438
Leaflitter,0.429079281
Leaflitter,0.703797627
Leaflitter,0.956020342
Leaflitter,0.521708792
Leaflitter,0.707422802
Leaflitter,0.175429525
Leaflitter,0.386490717
Leaflitter,0.294112309
Leaflitter,0.771618283
Leaflitter,0.533289657
Leaflitter,0.610036331
Leaflitter,0.713231102
Leaflitter,0.569098596
Leaflitter,0.914493952
Leaflitter,0.7397625
Leaflitter,0.226931702
Leaflitter,0.509293578
Leaflitter,0.906995415
Leaflitter,0.804367926
Leaflitter,0.682116847
Leaflitter,0.103993218
Leaflitter,0.040955504
Leaflitter,0.684667109
Leaflitter,0.692232489
Leaflitter,0.489692015
Leaflitter,0.720324941
Leaflitter,0.841183161
Leaflitter,0.111794576
Leaflitter,0.317784082
Leaflitter,0.603849124
Leaflitter,0.936626674
Leaflitter,0.643970309
Leaflitter,0.429892541
Leaflitter,0.558497202
Leaflitter,0.509250181
Leaflitter,0.589978566
Leaflitter,0.07524947
Leaflitter,0.679496689
Leaflitter,0.255686749
Leaflitter,0.355741146
Leaflitter,0.739219476
Leaflitter,0.633473012
Leaflitter,0.787589572
Leaflitter,0.941317576
Leaflitter,0.875250839
Leaflitter,0.486060236
Leaflitter,0.24967645
Leaflitter,0.319586177
Leaflitter,0.681141486
Leaflitter,0.652767554
Leaflitter,0.845238312
Leaflitter,0.265278732
Leaflitter,0.452967892
Leaflitter,0.543507952
Leaflitter,0.227072107
Leaflitter,0.750953229
Leaflitter,0.926266514
Leaflitter,0.461739676
Leaflitter,0.736644609
Leaflitter,0.554740022
Leaflitter,0.604033133
Leaflitter,0.727534642
Leaflitter,0.795061288
Leaflitter,0.723638837
Leaflitter,0.730668083
Leaflitter,0.449072668
Leaflitter,0.12899353
Leaflitter,0.582587362
Leaflitter,0.548567559
Leaflitter,0.5145417
Leaflitter,0.217133422
Leaflitter,0.643712836
Leaflitter,0.900103696
Leaflitter,0.237230896
Leaflitter,0.503908598
Leaflitter,0.801294438
Leaflitter,0.667776846
Leaflitter,0.561632376
Leaflitter,0.361009133
Leaflitter,0.383098866
Leaflitter,0.222636905
Leaflitter,0.431874439
Leaflitter,0.41639784
Leaflitter,0.345611775
Leaflitter,0.742358974
Leaflitter,0.341540687
Leaflitter,0.379226505
Leaflitter,0.334597575
Leaflitter,0.869257985
Leaflitter,0.245942208
Leaflitter,0.690018217
Leaflitter,0.262062275
Leaflitter,0.491399593
Leaflitter,0.696184476
Leaflitter,0.902908737
Leaflitter,0.418928331
Leaflitter,0.625633382
Leaflitter,0.650116007
Leaflitter,0.778211762
Leaflitter,0.309620204
Leaflitter,0.814326355
Leaflitter,0.297000288
Leaflitter,0.500970539
Leaflitter,0.891385475
Leaflitter,0.213677679
Leaflitter,0.28230818
Leaflitter,0.675698382
Leaflitter,0.683093942
Leaflitter,0.504647615
Leaflitter,0.418889887
Leaflitter,0.54695128
Leaflitter,0.512123624
Leaflitter,0.589118096
Leaflitter,0.640781196
Leaflitter,0.666454988
Leaflitter,0.431878755
Leaflitter,0.434679876
Leaflitter,0.60672139
Leaflitter,0.867233003
Leaflitter,0.426411823
Leaflitter,0.163097535
Leaflitter,0.703892252
Leaflitter,0.096913954
Leaflitter,0.466955541
Leaflitter,0.558031042
Leaflitter,0.502721661
Leaflitter,0.711295924
Leaflitter,0.366376255
Leaflitter,0.455672549
Leaflitter,0.100328101
Leaflitter,0.740619685
Leaflitter,0.584611778
Leaflitter,0.515308892
Leaflitter,0.353442906
Leaflitter,0.167218781
Leaflitter,0.659309732
Leaflitter,0.688928716
Leaflitter,0.392958761
Leaflitter,0.357035153
Leaflitter,0.779801749
Leaflitter,0.30186284
Leaflitter,0.473285514
Leaflitter,0.518342128
Leaflitter,0.654133943
Leaflitter,0.791348824
Leaflitter,0.25517884
Leaflitter,0.796868364
Leaflitter,0.534758796
Leaflitter,0.646558277
Leaflitter,0.550728572
Leaflitter,0.764290727
Leaflitter,0.616911422
Leaflitter,0.794139966
Leaflitter,0.151996465
Leaflitter,0.649199336
Leaflitter,0.427675897
Leaflitter,0.345882693
Leaflitter,0.10394987
Leaflitter,0.134338763
Leaflitter,0.223735858
Leaflitter,0.475024659
Leaflitter,0.548433118
Leaflitter,0.118079036
Leaflitter,0.836974607
Leaflitter,0.483449816
Leaflitter,0.366851853
Leaflitter,0.823425531
Leaflitter,0.584124757
Leaflitter,0.207574326
Leaflitter,0.502012872
Leaflitter,0.311890388
Leaflitter,0.633103929
Leaflitter,0.756738092
Leaflitter,0.914941014
Leaflitter,0.394513456
Leaflitter,0.551684028
Leaflitter,0.311336235
Leaflitter,0.567479769
Leaflitter,0.118033419
Leaflitter,0.832874014
Leaflitter,0.319961254
Leaflitter,0.307812352
Leaflitter,0.624417552
Leaflitter,0.336535017
Leaflitter,0.60394996
Leaflitter,0.422292399
Leaflitter,0.154467184
Leaflitter,0.288914847
Leaflitter,0.434057396
Leaflitter,0.838646299
Leaflitter,0.651480111
Leaflitter,0.422832874
Leaflitter,0.145621564
Leaflitter,0.45555553
Leaflitter,0.6905006
Leaflitter,0.0634497
Leaflitter,0.49947523
Leaflitter,0.295441031
Leaflitter,0.814111748
Leaflitter,0.806260468
Leaflitter,0.561883714
Leaflitter,0.797099372
Leaflitter,0.526418404
Leaflitter,0.45563642
Leaflitter,0.766253721
Leaflitter,0.321441407
Leaflitter,0.412459571
Leaflitter,0.228406475
Leaflitter,0.232962051
Leaflitter,0.57422725
Leaflitter,0.886626158
Leaflitter,0.324701306
Leaflitter,0.927399751
Leaflitter,0.564458233
Leaflitter,0.419490463
Leaflitter,0.557166594
Leaflitter,0.940825255
Leaflitter,0.734369825
Leaflitter,0.787358865
Leaflitter,0.479332593
Leaflitter,0.465671307
Leaflitter,0.009603159
Leaflitter,0.679303055
Leaflitter,0.870129566
Leaflitter,0.838544691
Leaflitter,0.543468188
Leaflitter,0.393393385
Leaflitter,0.452848593
Leaflitter,0.501389127
Leaflitter,0.563396987
Leaflitter,0.845828864
Leaflitter,0.725846654
Leaflitter,0.042739761
Leaflitter,0.062335789
Leaflitter,0.292839212
Leaflitter,0.713731794
Leaflitter,0.438094693
Leaflitter,0.481085822
Leaflitter,0.547658534
Leaflitter,0.589296409
Leaflitter,0.684968827
Leaflitter,0.563357813
Leaflitter,0.903585738
Leaflitter,0.331553502
Leaflitter,0.674712264
Leaflitter,0.388445122
Leaflitter,0.879181766
Leaflitter,0.201683488
Leaflitter,0.837219447
Leaflitter,0.572177555
Leaflitter,0.422281916
Leaflitter,0.807909118
Leaflitter,0.226925502
Leaflitter,0.850646432
Leaflitter,0.625669887
Leaflitter,0.828374818
Leaflitter,0.809484669
Leaflitter,0.014384773
Leaflitter,0.613652622
Leaflitter,0.819360849
Leaflitter,0.640705333
Leaflitter,0.253421197
Leaflitter,0.343371858
Leaflitter,0.503722271
Leaflitter,0.241252602
Leaflitter,0.541500198
Leaflitter,0.070044937
Leaflitter,0.496049173
Leaflitter,0.759081578
Leaflitter,0.143205241
Leaflitter,0.617005792
Leaflitter,0.534561974
Leaflitter,0.394419601
Leaflitter,0.357817584
Leaflitter,0.586405773
Leaflitter,0.10316622
Leaflitter,0.129860908
Leaflitter,0.445336971
Leaflitter,0.430337913
Leaflitter,0.236109375
Leaflitter,0.442427184
Leaflitter,0.398400762
Leaflitter,0.125989121
Leaflitter,0.362708186
Leaflitter,0.711007053
Leaflitter,0.831071253
Leaflitter,0.553731779
Leaflitter,0.217424543
Leaflitter,0.183757642
Leaflitter,0.548482054
Leaflitter,0.297674184
Leaflitter,0.599419442
Leaflitter,0.651218461
Leaflitter,0.707494261
Leaflitter,0.70447912
Leaflitter,0.308037465
Leaflitter,0.441943642
Leaflitter,0.262692142
Leaflitter,0.625503633
Leaflitter,0.367241739
Leaflitter,0.721222907
Leaflitter,0.170608168
Leaflitter,0.229815747
Leaflitter,0.304942395
Leaflitter,0.728791886
Leaflitter,0.013069711
Leaflitter,0.51506029
Leaflitter,0.534976906
Leaflitter,0.700015518
Leaflitter,0.862208943
Leaflitter,0.509778762
Leaflitter,0.19985316
Leaflitter,0.374649077
Leaflitter,0.848034733
Leaflitter,0.733650504
Leaflitter,0.469430231
Leaflitter,0.109248557
Leaflitter,0.332059187
Leaflitter,0.590835526
Leaflitter,0.513025872
Leaflitter,0.488125548
Leaflitter,0.028186913
Leaflitter,0.698404054
Leaflitter,0.654935921
Leaflitter,0.175303698
Leaflitter,0.668361316
Leaflitter,0.851989354
Leaflitter,0.576976666
Leaflitter,0.434985346
Leaflitter,0.744111038
Leaflitter,0.885172407
Leaflitter,0.890086758
Leaflitter,0.892425465
Leaflitter,0.560442762
Leaflitter,0.678668263
Leaflitter,0.577278425
Leaflitter,0.562241821
Leaflitter,0.515462449
Leaflitter,0.698672934
Leaflitter,0.801694436
Leaflitter,0.863171682
Leaflitter,0.431777024
Leaflitter,0.398789401
Leaflitter,0.47125386
Leaflitter,0.51212085
Leaflitter,0.428241102
Leaflitter,0.74508426
Leaflitter,0.597439087
Leaflitter,0.731518928
Leaflitter,0.390628793
Leaflitter,0.748004172
Leaflitter,0.549906821
Leaflitter,0.175928836
Leaflitter,0.671914188
Leaflitter,0.251860322
Leaflitter,0.684126873
Leaflitter,0.856922947
Leaflitter,0.587748716
Leaflitter,0.431589116
Leaflitter,0.529358023
Leaflitter,0.469949619
Leaflitter,0.493922634
Leaflitter,0.78109033
Leaflitter,0.384988586
Leaflitter,0.752354493
Leaflitter,0.665649576
Leaflitter,0.42972038
Leaflitter,0.597902117
Leaflitter,0.779646925
Leaflitter,0.864245546
Leaflitter,0.640240707
Leaflitter,0.349321389
Leaflitter,0.391421527
Leaflitter,0.114027904
Leaflitter,0.265086196
Leaflitter,0.542343606
Leaflitter,0.450226567
Leaflitter,0.426716363
Leaflitter,0.914438727
Leaflitter,0.485779958
Leaflitter,0.240282758
Leaflitter,0.534711055
Leaflitter,0.612251435
Leaflitter,0.63656484
Leaflitter,0.564864461
Leaflitter,0.454126262
Leaflitter,0.223417743
Leaflitter,0.445960913
Leaflitter,0.445865055
Leaflitter,0.874587334
Leaflitter,0.678013116
Leaflitter,0.604643436
Leaflitter,0.344110184
Leaflitter,0.057775123
Leaflitter,0.316601662
Leaflitter,0.768629514
Leaflitter,0.716181627
Leaflitter,0.705626521
Leaflitter,0.691490742
Leaflitter,0.684321904
Leaflitter,0.523362468
Leaflitter,0.349110357
Leaflitter,0.64967644
Leaflitter,0.612347228
Leaflitter,0.821052098
Leaflitter,0.670565436
Leaflitter,0.58329652
Leaflitter,0.56995481
Leaflitter,0.266603186
Leaflitter,0.431444115
Leaflitter,0.558474016
Leaflitter,0.116659271
Leaflitter,0.033871859
Leaflitter,0.508693048
Leaflitter,0.606232181
Leaflitter,0.58208104
Leaflitter,0.877869001
Leaflitter,0.350363065
Leaflitter,0.644451865
Leaflitter,0.392056058
Leaflitter,0.485432383
Leaflitter,0.597705813
Leaflitter,0.329092867
Leaflitter,0.732913227
Leaflitter,0.567317023
Leaflitter,0.284453396
Leaflitter,0.602816687
Leaflitter,0.493063642
Leaflitter,0.43759459
Leaflitter,0.646862657
Leaflitter,0.580447119
Leaflitter,0.686876402
Leaflitter,0.845915335
Leaflitter,0.418912624
Leaflitter,0.808177118
Leaflitter,0.606884921
Leaflitter,0.252375075
Leaflitter,0.936763736
Leaflitter,0.066980288
Leaflitter,0.816563834
Leaflitter,0.792041893
Leaflitter,0.569081005
Leaflitter,0.697985988
Leaflitter,0.664343445
Leaflitter,0.425995813
Leaflitter,0.351804008
Leaflitter,0.763083642
Leaflitter,0.798116439
Leaflitter,0.699049249
Leaflitter,0.14910506
Leaflitter,0.836424947
Leaflitter,0.8269206
Leaflitter,0.381622894
Leaflitter,0.301747622
Leaflitter,0.428763512
Leaflitter,0.640524044
Leaflitter,0.937952926
Leaflitter,0.452436639
Leaflitter,0.28418602
Leaflitter,0.710241789
Leaflitter,0.583417864
Leaflitter,0.283666742
Leaflitter,0.65046958
Leaflitter,0.896970493
Leaflitter,0.523011781
Leaflitter,0.371795755
Leaflitter,0.722364486
Leaflitter,0.867496606
Leaflitter,0.776935731
Leaflitter,0.148684465
Leaflitter,0.849943651
Leaflitter,0.208563493
Leaflitter,0.957275407
Leaflitter,0.349364766
Leaflitter,0.43744323
Leaflitter,0.251653753
Leaflitter,0.647068982
Leaflitter,0.597499358
Leaflitter,0.896666071
Leaflitter,0.559696659
Leaflitter,0.754832533
Leaflitter,0.786736534
Leaflitter,0.367101134
Leaflitter,0.15815989
Leaflitter,0.228634106
Leaflitter,0.293262252
Leaflitter,0.542750133
Leaflitter,0.589535779
Leaflitter,0.2641478
Leaflitter,0.866623096
Leaflitter,0.483698058
Leaflitter,0.74304858
Leaflitter,0.731865483
Leaflitter,0.526075342
Leaflitter,0.37005718
Leaflitter,0.405857269
Leaflitter,0.597343645
Leaflitter,0.44740221
Leaflitter,0.665097963
Leaflitter,0.541693817
Leaflitter,0.488849743
Leaflitter,0.075811662
Leaflitter,0.572554607
Leaflitter,0.314730742
Leaflitter,0.734692283
Leaflitter,0.644030718
Leaflitter,0.406345553
Leaflitter,0.950461314
Leaflitter,0.204022041
Leaflitter,0.111569192
Leaflitter,0.490700601
Leaflitter,0.464793109
Leaflitter,0.906086972
Leaflitter,0.261977319
Leaflitter,0.056374356
Leaflitter,0.22348377
Leaflitter,0.563864949
Leaflitter,0.5401273
Leaflitter,0.575856537
Leaflitter,0.224357914
Leaflitter,0.704972635
Leaflitter,0.730969405
Leaflitter,0.763502258
Leaflitter,0.626835728
Leaflitter,0.294963448
Leaflitter,0.769006939
Leaflitter,0.627551203
Leaflitter,0.472812867
Leaflitter,0.724609401
Leaflitter,0.217011676
Leaflitter,0.577177162
Leaflitter,0.122059086
Leaflitter,0.209784458
Leaflitter,0.74616286
Leaflitter,0.561508169
Leaflitter,0.711732928
Leaflitter,0.77885643
Leaflitter,0.568669979
Leaflitter,0.572063861
Leaflitter,0.84429247
Leaflitter,0.389316279
Leaflitter,0.728791872
Leaflitter,0.801935135
Leaflitter,0.681214839
Leaflitter,0.795113675
Leaflitter,0.467767548
Leaflitter,0.879060787
Leaflitter,0.030052899
Leaflitter,0.830015525
Leaflitter,0.232719814
Leaflitter,0.646228619
Leaflitter,0.856484043
Leaflitter,0.592383886
Leaflitter,0.297154464
Leaflitter,0.759692761
Leaflitter,0.683647674
Leaflitter,0.201561787
Leaflitter,0.961819123
Leaflitter,0.604291822
Leaflitter,0.520198947
Leaflitter,0.800827974
Leaflitter,0.646286071
Leaflitter,0.675766258
Leaflitter,0.295687869
Leaflitter,0.399436315
Leaflitter,0.7603152
Leaflitter,0.430629218
Leaflitter,0.725779466
Leaflitter,0.96502026
Leaflitter,0.943853497
Leaflitter,0.838774805
Leaflitter,0.753639265
Leaflitter,0.150908491
Leaflitter,0.362575515
Leaflitter,0.394571375
Leaflitter,0.56482684
Leaflitter,0.845270071
Leaflitter,0.612588325
Leaflitter,0.610445945
Leaflitter,0.521757497
Leaflitter,0.434931232
Leaflitter,0.591344106
Leaflitter,0.46075991
Leaflitter,0.096415213
Leaflitter,0.012880186
Leaflitter,0.430700558
Leaflitter,0.745823835
Leaflitter,0.82972793
Leaflitter,0.789120148
Leaflitter,0.805749757
Leaflitter,0.015101818
Leaflitter,0.710122329
Leaflitter,0.421438671
Leaflitter,0.671361468
Leaflitter,0.42295157
Leaflitter,0.087317881
Leaflitter,0.594661692
Leaflitter,0.52062991
Leaflitter,0.265897923
Leaflitter,0.363114384
Leaflitter,0.058004949
Leaflitter,0.10257281
Leaflitter,0.342038568
Leaflitter,0.465187797
Leaflitter,0.531230593
Leaflitter,0.066371255
Leaflitter,0.786565623
Leaflitter,0.633242189
Leaflitter,0.355802946
Leaflitter,0.341624161
Leaflitter,0.576471908
Leaflitter,0.841654381
Leaflitter,0.588782873
Leaflitter,0.817890733
Leaflitter,0.466417098
Leaflitter,0.646152317
Leaflitter,0.075589562
Leaflitter,0.611838894
Leaflitter,0.41143665
Leaflitter,0.752609112
Leaflitter,0.403244944
Leaflitter,0.393091796
Leaflitter,0.411471348
Leaflitter,0.660919906
Leaflitter,0.407629513
Leaflitter,0.242112843
Leaflitter,0.80368526
Leaflitter,0.531928831
Leaflitter,0.41360362
Leaflitter,0.914786771
Leaflitter,0.085183511
Leaflitter,0.755167215
Leaflitter,0.466734657
Leaflitter,0.155031781
Leaflitter,0.763014203
Leaflitter,0.49530478
Leaflitter,0.605311351
Leaflitter,0.893821595
Leaflitter,0.44982543
Leaflitter,0.663233249
Leaflitter,0.408924887
Leaflitter,0.731123358
Leaflitter,0.810445759
Leaflitter,0.313520854
Leaflitter,0.429691959
Leaflitter,0.922386006
Leaflitter,0.8345414
Leaflitter,0.645147964
Leaflitter,0.772793952
Leaflitter,0.713821098
Leaflitter,0.869392682
Leaflitter,0.126734518
Leaflitter,0.329015927
Leaflitter,0.623084805
Leaflitter,0.600768797
Leaflitter,0.270783779
Leaflitter,0.606696343
Leaflitter,0.49959045
Leaflitter,0.486072958
Leaflitter,0.724327971
Leaflitter,0.752535624
Leaflitter,0.59996569
Leaflitter,0.52409851
Leaflitter,0.659322301
Leaflitter,0.71059341
Leaflitter,0.561672496
Leaflitter,0.530973709
Leaflitter,0.310049686
Leaflitter,0.684684465
Leaflitter,0.448655139
Leaflitter,0.393886937
Leaflitter,0.81854835
Leaflitter,0.641996364
Leaflitter,0.521202917
Leaflitter,0.260110694
Leaflitter,0.826937829
Leaflitter,0.291051565
Leaflitter,0.508514364
Leaflitter,0.226237407
Leaflitter,0.641782331
Leaflitter,0.661721883
Leaflitter,0.335946058
Leaflitter,0.811747525
Leaflitter,0.650925915
Leaflitter,0.196504815
Leaflitter,0.561419322
Leaflitter,0.50308303
Leaflitter,0.612225482
Leaflitter,0.697681893
Leaflitter,0.25974219
Leaflitter,0.324079497
Leaflitter,0.536140793
Leaflitter,0.472430688
Leaflitter,0.590004853
Leaflitter,0.713653329
Leaflitter,0.345157461
Leaflitter,0.275742943
Leaflitter,0.347356164
Leaflitter,0.185058795
Leaflitter,0.278443625
Leaflitter,0.888495111
Leaflitter,0.601387532
Leaflitter,0.57938009
Leaflitter,0.329012475
Leaflitter,0.511857949
Leaflitter,0.667222121
Leaflitter,0.511816232
Leaflitter,0.837305771
Leaflitter,0.338193752
Leaflitter,0.82919466
Leaflitter,0.492868601
Leaflitter,0.771380899
Leaflitter,0.698550125
Leaflitter,0.480397249
Leaflitter,0.324149251
Leaflitter,0.058175333
Leaflitter,0.619472023
Leaflitter,0.721565788
Leaflitter,0.444315663
Leaflitter,0.295114872
Leaflitter,0.06085207
Leaflitter,0.381241065
Leaflitter,0.514508491
Leaflitter,0.5141344
Leaflitter,0.632109953
Leaflitter,0.811433382
Leaflitter,0.59504895
Leaflitter,0.286454917
Leaflitter,0.905235182
Leaflitter,0.474374245
Leaflitter,0.50178059
Leaflitter,0.354111326
Leaflitter,0.863962313
Leaflitter,0.373448296
Leaflitter,0.689554454
Leaflitter,0.918564012
Leaflitter,0.502822853
Leaflitter,0.217407848
Leaflitter,0.851117245
Leaflitter,0.246506425
Leaflitter,0.182575937
Leaflitter,0.797450551
Leaflitter,0.872483806
Leaflitter,0.646382379
Leaflitter,0.377665627
Leaflitter,0.544585725
Leaflitter,0.544086405
Leaflitter,0.880494322
Leaflitter,0.762136192
Leaflitter,0.853298658
Leaflitter,0.145339407
Leaflitter,0.627123807
Leaflitter,0.660412938
Leaflitter,0.713520201
Leaflitter,0.585080694
Leaflitter,0.553466959
Leaflitter,0.870274119
Leaflitter,0.249132807
Leaflitter,0.620609259
Leaflitter,0.331321553
Leaflitter,0.613098252
Leaflitter,0.365066166
Leaflitter,0.707294282
Leaflitter,0.438289246
Leaflitter,0.576104736
Leaflitter,0.634964862
Leaflitter,0.838262842
Leaflitter,0.387228804
Leaflitter,0.675983299
Leaflitter,0.656689751
Leaflitter,0.820825522
Leaflitter,0.669289991
Leaflitter,0.882121941
Leaflitter,0.321467355
Leaflitter,0.533686164
Leaflitter,0.954133624
Leaflitter,0.576638964
Leaflitter,0.589254338
Leaflitter,0.798006288
Leaflitter,0.989636478
Leaflitter,0.710657528
Leaflitter,0.553867518
Leaflitter,0.351231462
Leaflitter,0.59481857
Leaflitter,0.328398022
Leaflitter,0.579234063
Leaflitter,0.763138063
Leaflitter,0.576343799
Leaflitter,0.528619973
Leaflitter,0.636286128
Leaflitter,0.163697388
Leaflitter,0.089521855
Leaflitter,0.913657524
Leaflitter,0.51382617
Leaflitter,0.607786811
Leaflitter,0.548010766
Leaflitter,0.137526662
Leaflitter,0.769924081
Leaflitter,0.903233094
Leaflitter,0.521379088
Leaflitter,0.689197511
Leaflitter,0.589837047
Leaflitter,0.751147497
Leaflitter,0.352421474
Leaflitter,0.31945789
Leaflitter,0.245369445
Leaflitter,0.46096206
Leaflitter,0.413505978
Leaflitter,0.847128336
Leaflitter,0.783010146
Leaflitter,0.482063501
Leaflitter,0.83299577
Leaflitter,0.71504716
Leaflitter,0.710091021
Leaflitter,0.545108974
Leaflitter,0.646758267
Leaflitter,0.55243946
Leaflitter,0.731327182
Leaflitter,0.670130326
Leaflitter,0.886042956
Leaflitter,0.850612606
Leaflitter,0.282220827
Leaflitter,0.709095344
Leaflitter,0.777943804
Leaflitter,0.484746351
Leaflitter,0.225658226
Leaflitter,0.660280685
Leaflitter,0.679667639
Leaflitter,0.689263673
Leaflitter,0.219290473
Leaflitter,0.147761656
Leaflitter,0.688973229
Leaflitter,0.057501805
Leaflitter,0.403014075
Leaflitter,0.807260156
Leaflitter,0.330745077
Leaflitter,0.866368791
Leaflitter,0.512439186
Leaflitter,0.466464997
Leaflitter,0.302217586
Leaflitter,0.653214259
Leaflitter,0.781217354
Leaflitter,0.902997526
Leaflitter,0.523882181
Leaflitter,0.882526029
Leaflitter,0.053919692
Leaflitter,0.758341366
Leaflitter,0.800032256
Leaflitter,0.086642892
Leaflitter,0.615663685
Leaflitter,0.773157251
Leaflitter,0.824831842
Leaflitter,0.659434831
Leaflitter,0.318158119
Leaflitter,0.734448151
Leaflitter,0.623039686
Leaflitter,0.786806512
Leaflitter,0.559091018
Leaflitter,0.688736732
Leaflitter,0.238052914
Leaflitter,0.669297891
Leaflitter,0.703625352
Leaflitter,0.352970585
Leaflitter,0.059454654
Leaflitter,0.539048982
Leaflitter,0.396223894
Leaflitter,0.212226376
Leaflitter,0.236910694
Leaflitter,0.668124424
Leaflitter,0.286300339
Leaflitter,0.402828044
Leaflitter,0.065322149
Leaflitter,0.560400064
Leaflitter,0.854644312
Leaflitter,0.829062009
Leaflitter,0.120124422
Leaflitter,0.585483632
Leaflitter,0.859349875
Leaflitter,0.247643872
Leaflitter,0.07964968
Leaflitter,0.426781423
Leaflitter,0.567488825
Leaflitter,0.841861604
Leaflitter,0.177371784
Leaflitter,0.865370032
Leaflitter,0.73553957
Leaflitter,0.899592277
Leaflitter,0.356861001
Leaflitter,0.611260166
Leaflitter,0.740523321
Leaflitter,0.04850971
Leaflitter,0.139317277
Leaflitter,0.552876658
Leaflitter,0.298901694
Leaflitter,0.249955173
Leaflitter,0.672342737
Leaflitter,0.875189606
Leaflitter,0.698950206
Leaflitter,0.050778218
Leaflitter,0.812988618
Leaflitter,0.663390335
Leaflitter,0.210329333
Leaflitter,0.786982832
Leaflitter,0.759199333
Leaflitter,0.045314265
Leaflitter,0.758605805
Leaflitter,0.811870587
Leaflitter,0.375649157
Leaflitter,0.879296831
Leaflitter,0.628788996
Leaflitter,0.317257835
Leaflitter,0.824964579
Leaflitter,0.747127034
Leaflitter,0.28400589
Leaflitter,0.661701251
Leaflitter,0.432695453
Leaflitter,0.633408049
Leaflitter,0.757337158
Leaflitter,0.498222949
Leaflitter,0.640234237
Leaflitter,0.946013952
Leaflitter,0.123242484
Leaflitter,0.472155172
Leaflitter,0.865721322
Leaflitter,0.925882504
Leaflitter,0.084386262
Leaflitter,0.912658369
Leaflitter,0.395270644
Leaflitter,0.601031724
Leaflitter,0.653095317
Leaflitter,0.805371906
Leaflitter,0.692511345
Leaflitter,0.568858656
Leaflitter,0.24469188
Leaflitter,0.417248797
Leaflitter,0.553842754
Leaflitter,0.684037479
Leaflitter,0.4522657
Leaflitter,0.524011751
Leaflitter,0.291819287
Leaflitter,0.780035326
Leaflitter,0.7190358
Leaflitter,0.58741228
Leaflitter,0.834548921
Leaflitter,0.544219119
Leaflitter,0.646479073
Leaflitter,0.538697977
Leaflitter,0.835650338
Leaflitter,0.575205748
Leaflitter,0.687343818
Leaflitter,0.511876438
Leaflitter,0.768352044
Leaflitter,0.417411322
Leaflitter,0.028375096
Leaflitter,0.657551606
Leaflitter,0.603261287
Leaflitter,0.573461598
Leaflitter,0.271523576
Leaflitter,0.911054599
Leaflitter,0.627466485
Leaflitter,0.226570401
Leaflitter,0.743419712
Leaflitter,0.511674739
Leaflitter,0.526576726
Leaflitter,0.727263526
Leaflitter,0.326346113
Leaflitter,0.5738016
Leaflitter,0.479320203
Leaflitter,0.580623589
Leaflitter,0.398659601
Leaflitter,0.497716404
Leaflitter,0.90498885
Leaflitter,0.193566787
Leaflitter,0.757660794
Leaflitter,0.607473282
Leaflitter,0.925259824
Leaflitter,0.730306641
Leaflitter,0.738426174
Leaflitter,0.689054451
Leaflitter,0.376556585
Leaflitter,0.369526428
Leaflitter,0.200990291
Leaflitter,0.936085999
Leaflitter,0.301972646
Leaflitter,0.033561666
Biofilm,0.902829408
Biofilm,0.364358708
Biofilm,0.000667959
Biofilm,0.608824496
Biofilm,0.006893317
Biofilm,0.500379286
Biofilm,0.107626923
Biofilm,0.031809038
Biofilm,0.09428861
Biofilm,0.084733568
Biofilm,0.463747922
Biofilm,0.213095845
Biofilm,0.399645806
Biofilm,0.662511022
Biofilm,0.024287179
Biofilm,0.411888868
Biofilm,0.467202739
Biofilm,0.56391267
Biofilm,0.062834527
Biofilm,0.11601295
Biofilm,0.17331673
Biofilm,0.291064448
Biofilm,0.641964906
Biofilm,0.148089106
Biofilm,0.104788473
Biofilm,0.046939737
Biofilm,0.069337993
Biofilm,0.11269877
Biofilm,0.065601083
Biofilm,0.136943891
Biofilm,0.251155358
Biofilm,0.078002867
Biofilm,0.109093081
Biofilm,0.176213877
Biofilm,0.057070221
Biofilm,0.441101735
Biofilm,0.074096581
Biofilm,0.138802033
Biofilm,0.422171216
Biofilm,0.196231791
Biofilm,0.073391153
Biofilm,0.087550639
Biofilm,0.06122367
Biofilm,0.353806423
Biofilm,0.613130339
Biofilm,0.198534312
Biofilm,0.807119807
Biofilm,0.444020974
Biofilm,0.02936491
Biofilm,0.070116996
Biofilm,0.812978456
Biofilm,0.398614222
Biofilm,0.191265142
Biofilm,0.354790576
Biofilm,0.090736094
Biofilm,0.442878612
Biofilm,0.066938285
Biofilm,0.745074825
Biofilm,0.131761014
Biofilm,0.284786793
Biofilm,0.012743168
Biofilm,0.092259524
Biofilm,0.027729609
Biofilm,0.114939229
Biofilm,0.282529346
Biofilm,0.085585913
Biofilm,0.43304117
Biofilm,0.023874293
Biofilm,0.174239647
Biofilm,0.416041319
Biofilm,0.112313848
Biofilm,0.334918171
Biofilm,0.383607877
Biofilm,0.227025508
Biofilm,0.229131053
Biofilm,0.118935773
Biofilm,0.159524238
Biofilm,0.318853916
Biofilm,0.227484635
Biofilm,0.539076112
Biofilm,0.129833032
Biofilm,0.234262008
Biofilm,0.436789193
Biofilm,0.026607358
Biofilm,0.007314224
Biofilm,0.380016878
Biofilm,0.301002332
Biofilm,0.013163208
Biofilm,0.783444284
Biofilm,0.145413376
Biofilm,0.386821589
Biofilm,0.082221507
Biofilm,0.076335142
Biofilm,0.050361186
Biofilm,0.160606765
Biofilm,0.588433465
Biofilm,0.07017772
Biofilm,0.706294396
Biofilm,0.515893529
Biofilm,0.106330562
Biofilm,0.308727792
Biofilm,0.400526962
Biofilm,0.018921777
Biofilm,0.352577462
Biofilm,0.295385393
Biofilm,0.363675094
Biofilm,0.02461153
Biofilm,0.454597955
Biofilm,0.026243441
Biofilm,0.355037826
Biofilm,0.239205208
Biofilm,0.026259926
Biofilm,0.427345276
Biofilm,0.143982338
Biofilm,0.578892281
Biofilm,0.098081261
Biofilm,0.253897456
Biofilm,0.33310947
Biofilm,0.454338801
Biofilm,0.421448564
Biofilm,0.368321205
Biofilm,0.238214942
Biofilm,0.41346708
Biofilm,0.368148012
Biofilm,0.071797082
Biofilm,0.112216502
Biofilm,0.571558254
Biofilm,0.052256823
Biofilm,0.615563466
Biofilm,0.737749918
Biofilm,0.933087728
Biofilm,0.075442752
Biofilm,0.0248816
Biofilm,0.049721749
Biofilm,0.164634964
Biofilm,0.26004417
Biofilm,0.61892724
Biofilm,0.297702457
Biofilm,0.101761043
Biofilm,0.311454841
Biofilm,0.700865261
Biofilm,0.054288333
Biofilm,0.095505837
Biofilm,0.015345051
Biofilm,0.041071881
Biofilm,0.043602705
Biofilm,0.215206559
Biofilm,0.846304128
Biofilm,0.041676269
Biofilm,0.027829749
Biofilm,0.729833383
Biofilm,0.176973126
Biofilm,0.43285179
Biofilm,0.0717479
Biofilm,0.404720248
Biofilm,0.040066528
Biofilm,0.693465504
Biofilm,0.205272036
Biofilm,0.237002036
Biofilm,0.006503563
Biofilm,0.386901343
Biofilm,0.136512291
Biofilm,0.212084544
Biofilm,0.006117937
Biofilm,0.112587148
Biofilm,0.324045752
Biofilm,0.075600884
Biofilm,0.005114173
Biofilm,0.497612567
Biofilm,0.260963213
Biofilm,0.180463702
Biofilm,0.218849433
Biofilm,0.010660893
Biofilm,0.507735437
Biofilm,0.396733997
Biofilm,0.388726923
Biofilm,0.80419522
Biofilm,0.031395241
Biofilm,0.4401175
Biofilm,0.314921946
Biofilm,0.160485095
Biofilm,0.313377082
Biofilm,0.07472212
Biofilm,0.084397846
Biofilm,0.372187179
Biofilm,0.143090852
Biofilm,0.234214042
Biofilm,0.018957522
Biofilm,0.001338451
Biofilm,0.130641354
Biofilm,0.302620001
Biofilm,0.024664576
Biofilm,0.284979873
Biofilm,0.147192154
Biofilm,0.338203619
Biofilm,0.111772954
Biofilm,0.235898598
Biofilm,0.533228814
Biofilm,0.639586925
Biofilm,0.197792665
Biofilm,0.046529075
Biofilm,0.133708329
Biofilm,0.285351318
Biofilm,0.45127483
Biofilm,0.367557968
Biofilm,0.146135642
Biofilm,0.277580106
Biofilm,0.03450536
Biofilm,0.276585433
Biofilm,0.197186451
Biofilm,0.098984307
Biofilm,0.374948686
Biofilm,0.243131525
Biofilm,0.308873473
Biofilm,0.027059199
Biofilm,0.252830982
Biofilm,0.073940175
Biofilm,0.344428266
Biofilm,0.222726259
Biofilm,0.168116029
Biofilm,0.144573346
Biofilm,0.246365962
Biofilm,0.015245914
Biofilm,0.656519963
Biofilm,0.089678054
Biofilm,0.043718316
Biofilm,0.129000531
Biofilm,0.128500545
Biofilm,0.097454092
Biofilm,0.050952099
Biofilm,0.050948201
Biofilm,0.00682222
Biofilm,0.438825894
Biofilm,0.782976992
Biofilm,0.130132511
Biofilm,0.051750117
Biofilm,0.188933956
Biofilm,0.111774258
Biofilm,0.473761353
Biofilm,0.069244844
Biofilm,0.104099644
Biofilm,0.202235509
Biofilm,0.063595876
Biofilm,0.07947099
Biofilm,0.027844658
Biofilm,0.323127987
Biofilm,0.121811423
Biofilm,0.021640051
Biofilm,0.089931889
Biofilm,0.315501154
Biofilm,0.679393947
Biofilm,0.324102737
Biofilm,0.068168927
Biofilm,0.243261643
Biofilm,0.05190386
Biofilm,0.143825617
Biofilm,0.787464016
Biofilm,0.287802184
Biofilm,0.265907561
Biofilm,0.005923438
Biofilm,0.388412559
Biofilm,0.569357838
Biofilm,0.025206794
Biofilm,0.084446412
Biofilm,0.157277529
Biofilm,0.528878947
Biofilm,0.004741969
Biofilm,0.306280398
Biofilm,0.302137346
Biofilm,0.096856081
Biofilm,0.03277165
Biofilm,0.63071164
Biofilm,0.214935506
Biofilm,0.075163863
Biofilm,0.15781078
Biofilm,0.321950054
Biofilm,0.013334381
Biofilm,0.146782571
Biofilm,0.308982997
Biofilm,0.231531454
Biofilm,0.074879096
Biofilm,0.130467912
Biofilm,0.244935932
Biofilm,0.079734444
Biofilm,0.088296616
Biofilm,0.468020836
Biofilm,0.369214983
Biofilm,0.126308228
Biofilm,0.161707954
Biofilm,0.000792889
Biofilm,0.083299112
Biofilm,0.509511076
Biofilm,0.242389936
Biofilm,0.062126817
Biofilm,0.587845912
Biofilm,0.315497568
Biofilm,0.085525817
Biofilm,0.904188865
Biofilm,0.301311638
Biofilm,0.216180708
Biofilm,0.232986822
Biofilm,0.118887074
Biofilm,0.268219113
Biofilm,0.080808773
Biofilm,0.595373371
Biofilm,0.229681071
Biofilm,0.197439646
Biofilm,0.699563585
Biofilm,0.163682759
Biofilm,0.137954603
Biofilm,0.290157129
Biofilm,0.167126087
Biofilm,0.240007839
Biofilm,0.641952329
Biofilm,0.661503368
Biofilm,0.5654162
Biofilm,0.036857308
Biofilm,0.679352431
Biofilm,0.359053184
Biofilm,0.193085197
Biofilm,0.114420602
Biofilm,0.332326537
Biofilm,0.115120958
Biofilm,0.117985758
Biofilm,0.505582171
Biofilm,0.082628462
Biofilm,0.197406888
Biofilm,0.046210529
Biofilm,0.334946212
Biofilm,0.037692058
Biofilm,0.100016976
Biofilm,0.018930625
Biofilm,0.319489398
Biofilm,0.108900345
Biofilm,0.255729585
Biofilm,0.466673412
Biofilm,0.232277011
Biofilm,0.026089548
Biofilm,0.134312254
Biofilm,0.416195385
Biofilm,0.781117896
Biofilm,0.029151947
Biofilm,0.281095226
Biofilm,0.345615987
Biofilm,0.012808406
Biofilm,0.518710413
Biofilm,0.055707723
Biofilm,0.231373732
Biofilm,0.219870525
Biofilm,0.071549446
Biofilm,0.053624054
Biofilm,0.891367604
Biofilm,0.397536244
Biofilm,0.140379536
Biofilm,0.461507687
Biofilm,0.003299522
Biofilm,0.230741017
Biofilm,0.120314776
Biofilm,0.201397582
Biofilm,0.569658836
Biofilm,0.677378565
Biofilm,0.363562561
Biofilm,0.439246072
Biofilm,0.083903367
Biofilm,0.199245218
Biofilm,0.115959092
Biofilm,0.221155648
Biofilm,0.146409743
Biofilm,0.09455017
Biofilm,0.513149324
Biofilm,0.398101565
Biofilm,0.190992947
Biofilm,0.737301407
Biofilm,0.293719711
Biofilm,0.622085421
Biofilm,0.170425941
Biofilm,0.09257375
Biofilm,0.67897642
Biofilm,0.511061764
Biofilm,0.05953775
Biofilm,0.243752091
Biofilm,0.678816182
Biofilm,0.315044181
Biofilm,0.296565656
Biofilm,0.32609032
Biofilm,0.467347545
Biofilm,0.312487429
Biofilm,0.499612911
Biofilm,0.044934347
Biofilm,0.070324928
Biofilm,0.208593492
Biofilm,0.680751717
Biofilm,0.062058743
Biofilm,0.256398514
Biofilm,0.050723613
Biofilm,0.137093815
Biofilm,0.816964709
Biofilm,0.30400657
Biofilm,0.327908268
Biofilm,0.573412601
Biofilm,0.764518525
Biofilm,0.246766224
Biofilm,0.157682524
Biofilm,0.031945729
Biofilm,0.037096775
Biofilm,0.375058337
Biofilm,0.110425469
Biofilm,0.436286033
Biofilm,0.579944475
Biofilm,0.447252347
Biofilm,0.470258929
Biofilm,0.228014059
Biofilm,0.002389897
Biofilm,0.437126086
Biofilm,0.102177148
Biofilm,0.02063808
Biofilm,0.577687348
Biofilm,0.422003728
Biofilm,0.581601663
Biofilm,0.228388327
Biofilm,0.178844949
Biofilm,0.157286322
Biofilm,0.367118073
Biofilm,0.043234979
Biofilm,0.14632669
Biofilm,0.134366254
Biofilm,0.326780044
Biofilm,0.117154556
Biofilm,0.07506839
Biofilm,0.435957661
Biofilm,0.396291785
Biofilm,0.068728935
Biofilm,0.062766701
Biofilm,0.151188025
Biofilm,0.123102263
Biofilm,0.199309603
Biofilm,0.134148176
Biofilm,0.154829873
Biofilm,0.116228024
Biofilm,0.057569773
Biofilm,0.194699331
Biofilm,0.184304755
Biofilm,0.581865582
Biofilm,0.261505881
Biofilm,0.433002599
Biofilm,0.014546918
Biofilm,0.001304401
Biofilm,0.290623767
Biofilm,0.020658612
Biofilm,0.255510772
Biofilm,0.031417507
Biofilm,0.07086339
Biofilm,0.166842314
Biofilm,0.1096559
Biofilm,0.273236632
Biofilm,0.200845851
Biofilm,0.123820832
Biofilm,0.541611598
Biofilm,0.038823218
Biofilm,0.580367087
Biofilm,0.234392564
Biofilm,0.029028156
Biofilm,0.100504354
Biofilm,0.432988878
Biofilm,0.140638629
Biofilm,0.016525877
Biofilm,0.243482192
Biofilm,0.137884396
Biofilm,0.383754239
Biofilm,0.079255831
Biofilm,0.188164329
Biofilm,0.154625539
Biofilm,0.403291267
Biofilm,0.178952448
Biofilm,0.230483441
Biofilm,0.138110238
Biofilm,0.124667691
Biofilm,0.461358653
Biofilm,0.632807314
Biofilm,0.006190438
Biofilm,0.370558947
Biofilm,0.59886405
Biofilm,0.276464641
Biofilm,0.022636134
Biofilm,0.630628958
Biofilm,0.298015092
Biofilm,0.107520931
Biofilm,0.70859745
Biofilm,0.058067971
Biofilm,0.512478391
Biofilm,0.00354272
Biofilm,0.148019368
Biofilm,0.18358213
Biofilm,0.143684257
Biofilm,0.173425081
Biofilm,0.456590288
Biofilm,0.040665921
Biofilm,0.40348393
Biofilm,0.283817276
Biofilm,0.327358797
Biofilm,0.051759946
Biofilm,0.013999539
Biofilm,0.537502163
Biofilm,0.540060729
Biofilm,0.415199879
Biofilm,0.043567345
Biofilm,0.398789408
Biofilm,0.425847514
Biofilm,0.100817567
Biofilm,0.150342827
Biofilm,0.236348836
Biofilm,0.090354238
Biofilm,0.060432073
Biofilm,0.06710223
Biofilm,0.0765143
Biofilm,0.073295119
Biofilm,0.038504764
Biofilm,0.235108965
Biofilm,0.599767237
Biofilm,0.288541609
Biofilm,0.345162258
Biofilm,0.037618058
Biofilm,0.001151878
Biofilm,0.50717801
Biofilm,0.485053431
Biofilm,0.314155133
Biofilm,0.051347232
Biofilm,0.138581553
Biofilm,0.363448623
Biofilm,0.661424393
Biofilm,0.156839006
Biofilm,0.133417844
Biofilm,0.201859798
Biofilm,0.109870293
Biofilm,0.681330067
Biofilm,0.751931734
Biofilm,0.066694692
Biofilm,0.119060878
Biofilm,0.553206035
Biofilm,0.267988697
Biofilm,0.080062913
Biofilm,0.38815524
Biofilm,0.096922885
Biofilm,0.019623599
Biofilm,0.034252592
Biofilm,0.001836893
Biofilm,0.132831703
Biofilm,0.50653869
Biofilm,0.65631052
Biofilm,0.195152148
Biofilm,0.096678315
Biofilm,0.258620357
Biofilm,0.803321927
Biofilm,0.242589053
Biofilm,0.10648376
Biofilm,0.185989803
Biofilm,0.036048456
Biofilm,0.206959167
Biofilm,0.067569065
Biofilm,0.013308648
Biofilm,0.222509109
Biofilm,0.072716353
Biofilm,0.005329847
Biofilm,0.191382776
Biofilm,0.15130348
Biofilm,0.105612216
Biofilm,0.258142311
Biofilm,0.156068505
Biofilm,0.010028619
Biofilm,0.109970443
Biofilm,0.026286219
Biofilm,0.397064926
Biofilm,0.470742732
Biofilm,0.346537646
Biofilm,0.66735399
Biofilm,0.067798394
Biofilm,0.092376172
Biofilm,0.425320345
Biofilm,0.556321021
Biofilm,0.359869038
Biofilm,0.15087679
Biofilm,0.183860051
Biofilm,0.035070414
Biofilm,0.830473369
Biofilm,0.184925525
Biofilm,0.186634362
Biofilm,0.023407828
Biofilm,0.442978847
Biofilm,0.28412598
Biofilm,0.069492982
Biofilm,0.924282605
Biofilm,0.088801533
Biofilm,0.390083628
Biofilm,0.204275179
Biofilm,0.387384228
Biofilm,0.486056328
Biofilm,0.144742377
Biofilm,0.173792639
Biofilm,0.107597134
Biofilm,0.036691775
Biofilm,0.335514607
Biofilm,0.230885595
Biofilm,0.317280466
Biofilm,0.223238002
Biofilm,0.071284613
Biofilm,0.106700907
Biofilm,0.030366838
Biofilm,0.065272625
Biofilm,0.02287646
Biofilm,0.242503344
Biofilm,0.13188084
Biofilm,0.487588692
Biofilm,0.321895636
Biofilm,0.216826185
Biofilm,0.262277027
Biofilm,0.157667427
Biofilm,0.176672173
Biofilm,0.006270727
Biofilm,0.894953302
Biofilm,0.05444108
Biofilm,0.039256335
Biofilm,0.692315162
Biofilm,0.140274442
Biofilm,0.101328311
Biofilm,0.320120059
Biofilm,0.350042662
Biofilm,0.046202041
Biofilm,0.057889574
Biofilm,0.501847894
Biofilm,0.361449812
Biofilm,0.173447717
Biofilm,0.346644304
Biofilm,0.46846504
Biofilm,0.012929305
Biofilm,0.087691947
Biofilm,0.532158521
Biofilm,0.187253087
Biofilm,0.336536977
Biofilm,0.396500492
Biofilm,0.672202437
Biofilm,0.286347452
Biofilm,0.786594878
Biofilm,0.07965885
Biofilm,0.000307852
Biofilm,0.278356697
Biofilm,0.068311625
Biofilm,0.563793875
Biofilm,0.670708246
Biofilm,0.800178501
Biofilm,0.134794881
Biofilm,0.01558732
Biofilm,0.177955171
Biofilm,0.036779828
Biofilm,0.36026917
Biofilm,0.187096255
Biofilm,0.579511743
Biofilm,0.036446503
Biofilm,0.303292054
Biofilm,0.138496017
Biofilm,0.228118341
Biofilm,0.323199556
Biofilm,0.111822569
Biofilm,0.056201181
Biofilm,0.281065975
Biofilm,0.159568791
Biofilm,0.795323285
Biofilm,0.32527629
Biofilm,0.166483276
Biofilm,0.064617531
Biofilm,0.387228745
Biofilm,0.262693305
Biofilm,0.241405839
Biofilm,0.263366926
Biofilm,0.008131914
Biofilm,0.023249042
Biofilm,0.350984507
Biofilm,0.718021935
Biofilm,0.21673904
Biofilm,0.065360642
Biofilm,0.542005147
Biofilm,0.136884256
Biofilm,0.135796896
Biofilm,0.432721148
Biofilm,0.175685921
Biofilm,0.684512365
Biofilm,0.016552042
Biofilm,0.624375488
Biofilm,0.026828528
Biofilm,0.233529113
Biofilm,0.506560752
Biofilm,0.120155173
Biofilm,0.036556834
Biofilm,0.185264249
Biofilm,0.264160253
Biofilm,0.486239146
Biofilm,0.183937593
Biofilm,0.062671675
Biofilm,0.173004398
Biofilm,0.095134869
Biofilm,0.406185587
Biofilm,0.200858971
Biofilm,0.40737062
Biofilm,0.621570819
Biofilm,0.002721149
Biofilm,0.705336062
Biofilm,0.315734624
Biofilm,0.008004709
Biofilm,0.018246894
Biofilm,0.229546651
Biofilm,0.488777695
Biofilm,0.140218109
Biofilm,0.063209531
Biofilm,0.301250373
Biofilm,0.507987151
Biofilm,0.081492852
Biofilm,0.111950361
Biofilm,0.419996772
Biofilm,0.003982518
Biofilm,0.572257875
Biofilm,0.284662591
Biofilm,0.111857056
Biofilm,0.089031669
Biofilm,0.134566448
Biofilm,0.004035664
Biofilm,0.040009942
Biofilm,0.246856605
Biofilm,0.196269291
Biofilm,0.05115598
Biofilm,0.103240332
Biofilm,0.096608652
Biofilm,0.067900194
Biofilm,0.205550414
Biofilm,0.152947173
Biofilm,0.405812111
Biofilm,0.295445916
Biofilm,0.690030038
Biofilm,0.130500442
Biofilm,0.293438834
Biofilm,0.169071579
Biofilm,0.739260273
Biofilm,0.029891338
Biofilm,0.051057944
Biofilm,0.659480279
Biofilm,0.203085033
Biofilm,0.29051803
Biofilm,0.074723827
Biofilm,0.607214
Biofilm,0.194438978
Biofilm,0.242341187
Biofilm,0.394235745
Biofilm,0.359104347
Biofilm,0.620275481
Biofilm,0.017393933
Biofilm,0.260024236
Biofilm,0.390573
Biofilm,0.043389395
Biofilm,0.048171168
Biofilm,0.095251124
Biofilm,0.640726632
Biofilm,0.146068544
Biofilm,0.177140657
Biofilm,0.535883083
Biofilm,0.422298345
Biofilm,0.065134375
Biofilm,0.772125219
Biofilm,0.042158822
Biofilm,0.120724516
Biofilm,0.40654357
Biofilm,0.193749321
Biofilm,0.143629046
Biofilm,0.0583743
Biofilm,0.384512628
Biofilm,0.10138197
Biofilm,0.828302539
Biofilm,0.135456675
Biofilm,0.013585931
Biofilm,0.443832569
Biofilm,0.019182409
Biofilm,0.475721211
Biofilm,0.042523501
Biofilm,0.295371318
Biofilm,0.641700743
Biofilm,0.36307856
Biofilm,0.421071036
Biofilm,0.484046159
Biofilm,0.024630459
Biofilm,0.059590596
Biofilm,0.691920209
Biofilm,0.28248102
Biofilm,0.069794554
Biofilm,0.114489137
Biofilm,0.375310357
Biofilm,0.194643385
Biofilm,0.015038351
Biofilm,0.407758045
Biofilm,0.488812836
Biofilm,0.238292562
Biofilm,0.38375712
Biofilm,0.133833859
Biofilm,0.100894376
Biofilm,0.259217152
Biofilm,0.196180443
Biofilm,0.183831637
Biofilm,0.222887357
Biofilm,0.207913292
Biofilm,0.164377655
Biofilm,0.685884339
Biofilm,0.230145728
Biofilm,0.066838097
Biofilm,0.141451463
Biofilm,0.278520862
Biofilm,0.122595064
Biofilm,0.00510842
Biofilm,0.447721414
Biofilm,0.024974758
Biofilm,0.3097648
Biofilm,0.621703889
Biofilm,0.228789494
Biofilm,0.198712327
Biofilm,0.184854245
Biofilm,0.373099222
Biofilm,0.069945502
Biofilm,0.776667376
Biofilm,0.046226754
Biofilm,0.251771524
Biofilm,0.248232612
Biofilm,0.514398706
Biofilm,0.319500651
Biofilm,0.598173134
Biofilm,0.114907219
Biofilm,0.282174983
Biofilm,0.054857033
Biofilm,0.321847544
Biofilm,0.086036244
Biofilm,0.181144508
Biofilm,0.106081713
Biofilm,0.089876928
Biofilm,0.181135182
Biofilm,0.747018413
Biofilm,0.23691419
Biofilm,0.280231508
Biofilm,0.639840205
Biofilm,0.053202819
Biofilm,0.045684162
Biofilm,0.540736479
Biofilm,0.522993761
Biofilm,0.141896757
Biofilm,0.200789094
Biofilm,0.300717569
Biofilm,0.834828038
Biofilm,0.501541323
Biofilm,0.048502665
Biofilm,0.234404329
Biofilm,0.19395027
Biofilm,0.482577196
Biofilm,0.331491202
Biofilm,0.257162901
Biofilm,0.030882593
Biofilm,0.52473524
Biofilm,0.179628284
Biofilm,0.618407617
Biofilm,0.603544475
Biofilm,0.33609979
Biofilm,0.517396055
Biofilm,0.081585125
Biofilm,0.074248892
Biofilm,0.043595364
Biofilm,0.136537758
Biofilm,0.00335559
Biofilm,0.208551651
Biofilm,0.413977275
Biofilm,0.483411053
Biofilm,0.455537264
Biofilm,0.262326339
Biofilm,0.285308529
Biofilm,0.011381761
Biofilm,0.329086796
Biofilm,0.093665039
Biofilm,0.080791352
Biofilm,0.551868377
Biofilm,0.214646102
Biofilm,0.047902567
Biofilm,0.094643297
Biofilm,0.025759701
Biofilm,0.322496271
Biofilm,0.793630667
Biofilm,0.198797987
Biofilm,0.023196128
Biofilm,0.08141
Biofilm,0.490621392
Biofilm,0.15842602
Biofilm,0.012932777
Biofilm,0.622743892
Biofilm,0.641496276
Biofilm,0.303582355
Biofilm,0.355757802
Biofilm,0.656246127
Biofilm,0.024147589
Biofilm,0.593629652
Biofilm,0.308728512
Biofilm,0.075503671
Biofilm,0.252848183
Biofilm,0.050440466
Biofilm,0.269708643
Biofilm,0.465881801
Biofilm,0.085302742
Biofilm,0.396044827
Biofilm,0.250550682
Biofilm,0.191993942
Biofilm,0.593793657
Biofilm,0.05016134
Biofilm,0.424623229
Biofilm,0.307753781
Biofilm,0.396702824
Biofilm,0.304111395
Biofilm,0.559403603
Biofilm,0.658232701
Biofilm,0.067497815
Biofilm,0.046433882
Biofilm,0.270266828
Biofilm,0.210227616
Biofilm,0.277349055
Biofilm,0.243630043
Biofilm,0.696948099
Biofilm,0.310685975
Biofilm,0.289291489
Biofilm,0.520239168
Biofilm,0.188381197
Biofilm,0.256536284
Biofilm,0.318086105
Biofilm,0.70607055
Biofilm,0.092494002
Biofilm,0.491434507
Biofilm,0.131192004
Biofilm,0.109371529
Biofilm,0.285536699
Biofilm,0.369241256
Biofilm,0.434082022
Biofilm,0.315934488
Biofilm,0.359223968
Biofilm,0.535185601
Biofilm,0.279457808
Biofilm,0.355932277
Biofilm,0.071603304
Biofilm,0.070081288
Biofilm,0.146815557
Biofilm,0.228341571
Biofilm,0.2249481
Biofilm,0.160973709
Biofilm,0.02880691
Biofilm,0.193878462
Biofilm,0.148965031
Biofilm,0.763504823
Biofilm,0.318131558
Biofilm,0.163464435
Biofilm,0.804970676
Biofilm,0.227355847
Biofilm,0.005419533
Biofilm,0.532842978
Biofilm,0.870668609
Biofilm,0.45252138
Biofilm,0.341422366
Biofilm,0.462700032
Biofilm,0.413103431
Biofilm,0.200944397
Biofilm,0.131147833
Biofilm,0.081940379
Biofilm,0.341092352
Biofilm,0.082428956
Biofilm,0.353992588
Biofilm,0.043239589
Biofilm,0.413301122
Biofilm,0.450269958
Biofilm,0.067552436
Biofilm,0.003198989
Biofilm,0.090204432
Biofilm,0.260847677
Biofilm,0.051919755
Biofilm,0.307832808
Biofilm,0.101171629
Biofilm,0.058454099
Biofilm,0.440823473
Biofilm,0.203465174
Biofilm,0.11922754
Biofilm,0.247351539
Biofilm,0.118157177
Biofilm,0.837839416
Biofilm,0.7681016
Biofilm,0.203692117
Biofilm,0.477289948
Biofilm,0.302228037
Biofilm,0.021732008
Biofilm,0.458374998
Biofilm,0.046290231
Biofilm,0.608842167
Biofilm,0.200938757
Biofilm,0.388084174
Biofilm,0.141321393
Biofilm,0.156072963
Biofilm,0.18619169
Biofilm,0.53486626
Biofilm,0.177279771
Biofilm,0.019098929
Biofilm,0.342476149
Biofilm,0.145408091
Biofilm,0.04850246
Biofilm,0.121101544
Biofilm,0.154001496
Biofilm,0.13947282
Biofilm,0.272365849
Biofilm,0.175262328
Biofilm,0.052746921
Biofilm,0.714382454
Biofilm,0.004566844
Biofilm,0.107039447
Biofilm,0.003550509
Biofilm,0.302378247
Biofilm,0.20994213
Biofilm,0.011611723
Biofilm,0.456342772
Biofilm,0.119189108
Biofilm,0.133493159
Biofilm,0.122261794
Biofilm,0.566968385
Biofilm,0.4658429
Biofilm,0.206436635
Biofilm,0.236979344
Biofilm,0.364540646
Biofilm,0.17054895
Biofilm,0.386293648
Biofilm,0.084859963
Biofilm,0.218357245
Biofilm,0.203872724
Biofilm,0.00011465
Biofilm,0.18686445
Biofilm,0.183079396
Biofilm,0.456989659
Biofilm,0.226631442
Biofilm,0.125409328
Biofilm,0.528418265
Biofilm,0.355508025
Biofilm,0.092685361
Biofilm,0.675733583
Biofilm,0.517112817
Biofilm,0.010750856
Biofilm,0.003654423
Biofilm,0.292041372
Biofilm,0.166169011
Biofilm,0.013975107
Biofilm,0.187749883
Biofilm,0.211091667
Biofilm,0.151467055
Biofilm,0.358778358
Biofilm,0.181850786
Biofilm,0.01040197
Biofilm,0.69888232
Biofilm,0.043297963
Biofilm,0.623704855
Biofilm,0.053480259
Biofilm,0.501720919
Biofilm,0.071746196
Biofilm,0.15910013
Biofilm,0.352580325
Biofilm,0.407178577
Biofilm,0.075509714
Biofilm,0.369865279
Biofilm,0.162783037
Biofilm,0.053149193
Biofilm,0.01002428
Biofilm,0.190968408
Biofilm,0.1545762
Biofilm,0.024700474
Biofilm,0.638560478
Biofilm,0.070066741
Biofilm,0.310584282
Biofilm,0.020016912
Biofilm,0.056043657
Biofilm,0.015492639
Biofilm,0.059879924
Biofilm,0.012387437
Biofilm,0.011166454
Biofilm,0.484003204
Biofilm,0.319839274
Biofilm,0.044085094
Biofilm,0.483726315
Biofilm,0.335668336
Biofilm,0.019177373
Biofilm,0.663047651
Biofilm,0.187159202
Biofilm,0.318139681
Biofilm,0.422489746
Biofilm,0.046166377
Biofilm,0.026359418
Biofilm,0.148959008
Biofilm,0.1573594
Biofilm,0.450659058
Biofilm,0.619621022
Biofilm,0.065183516
Biofilm,0.413101003
Biofilm,0.068196845
Biofilm,0.268447887
Biofilm,0.042271065
Biofilm,0.036595724
Biofilm,0.151740413
Biofilm,0.342722128
Biofilm,0.208173461
Biofilm,0.221932762
Biofilm,0.464649373
Biofilm,0.36522936
Biofilm,0.019947283
Biofilm,0.411264137
Biofilm,0.464369502
Biofilm,0.190403283
Biofilm,0.186428772
Biofilm,0.156143446
Biofilm,0.117957697
Biofilm,0.189711977
Biofilm,0.269109544
Biofilm,0.020393198
Biofilm,0.057119537
Biofilm,0.304672328
Biofilm,0.525247269
Biofilm,0.053866005
Biofilm,0.019268104
Biofilm,0.551480685
Biofilm,0.057418541
Biofilm,0.469365356
Biofilm,0.203330262
Biofilm,0.361086805
Biofilm,0.29743113
Biofilm,0.08221497
Biofilm,0.038768334
Biofilm,0.112594112
Biofilm,0.189256633
Biofilm,0.053106553
Biofilm,0.121730554
Biofilm,0.43112362
Biofilm,0.355204286
Biofilm,0.045027985
Biofilm,0.1821011
Biofilm,0.113055583
Biofilm,0.185795962
Biofilm,0.234115008
Biofilm,0.383580336
Biofilm,0.143890677
Biofilm,0.370544739
Biofilm,0.659461194
Biofilm,0.035240877
Biofilm,0.189918876
Biofilm,0.293575164
Biofilm,0.349595158
Biofilm,0.212209135
Biofilm,0.226529014
Biofilm,0.065519026
Biofilm,0.136964629
Biofilm,0.020283456
Biofilm,0.791877146
Biofilm,0.147018776
Biofilm,0.172787873
Biofilm,0.388582861
Biofilm,0.38059535
Biofilm,0.183430066
Biofilm,0.510518593
Biofilm,0.154722145
Biofilm,0.468427601
Biofilm,0.185793569
Biofilm,0.464244835
Biofilm,0.179829271
Biofilm,0.026068197
Biofilm,0.423808138
Biofilm,0.044183259
Biofilm,0.120837142
Biofilm,0.028702046
Biofilm,0.193231036
Biofilm,0.210177525
Biofilm,0.43208027
Biofilm,0.08136386
Biofilm,0.1050733
Biofilm,0.501105793
Biofilm,0.145700599
Biofilm,0.337466478
Biofilm,0.356231536
Biofilm,0.041550729
Biofilm,0.057983758
Biofilm,0.291213097
Biofilm,0.760752492
Biofilm,0.651340546
Biofilm,0.372137223
Biofilm,0.289354088
Biofilm,0.386407857
Biofilm,0.001024484
Biofilm,0.691414134
Biofilm,0.592012705
Biofilm,0.352839199
Biofilm,0.018241631
Biofilm,0.099812819
Biofilm,0.14085193
Biofilm,0.136022053
Biofilm,0.895402493
Biofilm,0.088875062
Biofilm,0.245903909
Biofilm,0.410967711
Biofilm,0.062246087
Biofilm,0.427543674
Biofilm,0.273782501
Biofilm,0.139223648
Biofilm,0.090868218
Biofilm,0.206800806
Biofilm,0.197124089
Biofilm,0.329043721
Biofilm,0.181714281
Biofilm,0.110471561
Biofilm,0.040971276
Biofilm,0.045541884
Biofilm,0.136495525
Biofilm,0.375585593
Biofilm,0.019087476
Biofilm,0.646075127
Biofilm,0.198339677
Biofilm,0.038777845
Biofilm,0.264321899
Biofilm,0.367210154
Biofilm,0.459749855
Biofilm,0.356660543
Biofilm,0.197712723
Biofilm,0.339126066
Biofilm,0.515327892
Biofilm,0.190064952
Biofilm,0.060094396
Biofilm,0.07914038
Biofilm,0.876001349
Biofilm,0.078012419
Biofilm,0.30397104
Biofilm,0.253460403
Biofilm,0.100661205
Biofilm,0.35808181
Biofilm,0.462235608
Biofilm,0.191895846
Biofilm,0.102432257
Biofilm,0.186032361
Biofilm,0.075490742
Biofilm,0.320442183
Biofilm,0.182991635
Biofilm,0.596254935
Biofilm,0.071906254
Biofilm,0.363951151
Biofilm,0.101747987
Biofilm,0.251445386
Biofilm,0.219823518
Biofilm,0.343398345
Biofilm,0.012094782
Biofilm,0.348684676
Biofilm,0.030272327
Biofilm,0.147981557
Biofilm,0.199292296
Biofilm,0.449386356
Biofilm,0.359075312
Biofilm,0.07058126
Biofilm,0.37199019
Biofilm,0.466630766
Biofilm,0.161919401
Biofilm,0.428299888
Biofilm,0.425369362
Biofilm,0.092468713
Biofilm,0.026232414
Biofilm,0.091551936
Biofilm,0.432608774
Biofilm,0.122836403
Biofilm,0.5070697
Biofilm,0.117237908
Biofilm,0.023364046
Biofilm,0.478840986
Biofilm,0.341528314
Biofilm,0.051910814
Biofilm,0.223877303
Biofilm,0.825119175
Biofilm,0.525731721
Biofilm,0.137286067
Biofilm,0.301870251
Biofilm,0.125149292
Biofilm,0.04985195
Biofilm,0.065855572
Biofilm,0.414765243
Biofilm,0.162931383
Biofilm,0.317215682
Biofilm,0.579841817
Biofilm,0.154681581
Biofilm,0.162880311
Biofilm,0.096917681
Biofilm,0.421529705
Biofilm,0.092161573
Biofilm,0.081455902
Biofilm,0.032998532
Biofilm,0.51190505
Biofilm,0.395084412
Biofilm,0.035017287
Biofilm,0.14148549
Biofilm,0.218018362
Biofilm,0.04005142
Biofilm,0.292021334
Biofilm,0.042089497
Biofilm,0.460254915
Biofilm,0.117176499
Biofilm,0.152000393
Biofilm,0.680960269
Biofilm,0.072501228
Biofilm,0.380325703
Biofilm,0.12003207
Biofilm,0.198811004
Biofilm,0.400761267
Biofilm,0.305116442
Biofilm,0.033253042
Biofilm,0.143525203
Biofilm,0.287659975
Biofilm,0.141610731
Biofilm,0.0067737
Biofilm,0.435193125
Biofilm,0.083648331
Biofilm,0.181954917
Biofilm,0.150481898
Biofilm,0.156613732
Biofilm,0.028483657
Biofilm,0.040048445
Biofilm,0.010162394
Biofilm,0.198636434
Biofilm,0.318395263
Biofilm,0.188263689
Biofilm,0.030309189
Biofilm,0.824040954
Biofilm,0.348522932
Biofilm,0.023324492
Biofilm,0.422551471
Biofilm,0.141109177
Biofilm,0.19306069
Biofilm,0.695054499
Biofilm,0.245346661
Biofilm,0.96893192
Biofilm,0.56692601
Biofilm,0.036757205
Biofilm,0.460389301
Biofilm,0.052701542
Biofilm,0.744620303
Biofilm,0.220514827
Biofilm,0.749343457
Biofilm,0.153735639
Biofilm,0.136515434
Biofilm,0.532350999
Biofilm,0.27597992
Biofilm,0.061389365
Biofilm,0.392666986
Biofilm,0.236230949
Biofilm,0.209373497
Biofilm,0.569688882
Biofilm,0.080006921
Biofilm,0.010907554
Biofilm,0.146778453
Biofilm,0.674736699
Biofilm,0.142412444
Biofilm,0.117925357
Biofilm,0.046338951
Biofilm,0.329641714
Biofilm,0.020320494
Biofilm,0.087808724
Biofilm,0.192996786
Biofilm,0.643584778
Biofilm,0.073168112
Biofilm,0.076205725
Biofilm,0.099983594
Biofilm,0.025341456
Biofilm,0.139175769
Biofilm,0.104230967
Biofilm,0.080702994
Biofilm,0.225698556
Biofilm,0.467130962
Biofilm,0.280466694
Biofilm,0.433924535
Biofilm,0.111319518
Biofilm,0.53077178
Biofilm,0.405551218
Biofilm,0.517095537
Biofilm,0.035108157
Biofilm,0.337191978
Biofilm,0.53809825
Biofilm,0.141361426
Biofilm,0.550279786
Biofilm,0.314873344
Biofilm,0.300077455
Biofilm,0.262543588
Biofilm,0.016262083
Biofilm,0.44184558
Biofilm,0.907290533
Biofilm,0.262230658
Biofilm,0.204266406
Biofilm,0.242616087
Biofilm,0.516917635
Biofilm,0.019649751
Biofilm,0.015565832
Biofilm,0.002984279
Biofilm,0.284070517
Biofilm,0.395281576
Biofilm,0.45231017
Biofilm,0.247289489
Biofilm,0.147715792
Biofilm,0.066797595
Biofilm,0.043545017
Biofilm,0.045401929
Biofilm,0.37946905
Biofilm,0.067349155
Biofilm,0.198309989
Biofilm,0.089723761
Biofilm,0.114864972
Biofilm,0.753330505
Biofilm,0.481662524
Biofilm,0.112481454
Biofilm,0.113173204
Biofilm,0.0109049
Biofilm,0.341897843
Biofilm,0.102718547
Biofilm,0.047563145
Biofilm,0.05769892
Biofilm,0.320212119
Biofilm,0.193973888
Biofilm,0.065426895
Biofilm,0.023217129
Biofilm,0.392652769
Biofilm,0.07301447
Biofilm,0.32820333
Biofilm,0.232413767
Biofilm,0.236233051
Biofilm,0.117806574
Biofilm,0.419578774
Biofilm,0.131320519
Biofilm,0.294277824
Biofilm,0.025687367
Biofilm,0.034593409
Biofilm,0.095888884
Biofilm,0.011936089
Biofilm,0.375838999
Biofilm,0.006993976
Biofilm,0.146868428
Biofilm,0.325833563
Biofilm,0.284483862
Biofilm,0.444166457
Biofilm,0.291901641
Biofilm,0.042079104
Biofilm,0.277706643
Biofilm,0.021117915
Biofilm,0.630446353
Biofilm,0.773499966
Biofilm,0.268578765
Biofilm,0.243877971
Biofilm,0.244768495
Biofilm,0.240063535
Biofilm,0.074857684
Biofilm,0.042176107
Biofilm,0.219656427
Biofilm,0.138745696
Biofilm,0.077686532
Biofilm,0.07062252
Biofilm,0.299277579
Biofilm,0.116507655
Biofilm,0.455911921
Biofilm,0.334374941
Biofilm,0.048413023
Biofilm,0.481384182
Biofilm,0.093847046
Biofilm,0.14154712
Biofilm,0.372534028
Biofilm,0.185590993
Biofilm,0.377482001
Biofilm,0.012105123
Biofilm,0.659160948
Biofilm,0.066774467
Biofilm,0.115820712
Biofilm,0.285201458
Biofilm,0.027973009
Biofilm,0.138267596
Biofilm,0.450882993
Biofilm,0.081272623
Biofilm,0.40170218
Biofilm,0.362220981
Biofilm,0.005129851
Biofilm,0.001230688
Biofilm,0.118854922
Biofilm,0.16787892
Biofilm,0.160168655
Biofilm,0.112249689
Biofilm,0.415648229
Biofilm,0.127140593
Biofilm,0.245705174
Biofilm,0.082664606
Biofilm,0.240385028
Biofilm,0.483365773
Biofilm,0.506402143
Biofilm,0.156178732
Biofilm,0.110548259
Biofilm,0.030002389
Biofilm,0.270702751
Biofilm,0.081038205
Biofilm,0.269020494
Biofilm,0.1594691
Biofilm,0.594829572
Biofilm,0.108818836
Biofilm,0.072656043
Biofilm,0.074507207
Biofilm,0.513215479
Biofilm,0.001758524
Biofilm,0.842449732
Biofilm,0.814233346
Biofilm,0.194683934
Biofilm,0.925127197
Biofilm,0.179767965
Biofilm,0.211544489
Biofilm,0.272934954
Biofilm,0.214794492
Biofilm,0.090039428
Biofilm,0.141354989
Biofilm,0.247334341
Biofilm,0.317454256
Biofilm,0.288423915
Biofilm,0.755634278
Biofilm,0.066594407
Biofilm,0.086540927
Biofilm,0.046102156
Biofilm,0.283760343
Biofilm,0.209878668
Biofilm,0.431365205
Biofilm,0.480106049
Biofilm,0.268119001
Biofilm,0.121654405
Biofilm,0.04971948
Biofilm,0.152020379
Biofilm,0.222207598
Biofilm,0.062324759
Biofilm,0.312060281
Biofilm,0.278335616
Biofilm,0.337629115
Biofilm,0.259191571
Biofilm,0.548808809
Biofilm,0.516122585
Biofilm,0.052385123
Biofilm,0.216006242
Biofilm,0.026842013
Biofilm,0.048490751
Biofilm,0.148320194
Biofilm,0.395206247
Biofilm,0.258747786
Biofilm,0.037738442
Biofilm,0.735812658
Biofilm,0.067769436
Biofilm,0.549974487
Biofilm,0.134592612
Biofilm,0.073802111
Biofilm,0.095129753
Biofilm,0.39518239
Biofilm,0.111152152
Biofilm,0.025166828
Biofilm,0.081087151
Biofilm,0.545397352
Biofilm,0.214359435
Biofilm,0.350518686
Biofilm,0.152852022
Biofilm,0.218058088
Biofilm,0.357964534
Biofilm,0.399135838
Biofilm,0.008282356
Biofilm,0.717870548
Biofilm,0.18448817
Biofilm,0.039150278
Biofilm,0.124714488
Biofilm,0.64424694
Biofilm,0.243444562
Biofilm,0.016428656
Biofilm,0.151083106
Biofilm,0.156134219
Biofilm,0.071403813
Biofilm,0.564753431
Biofilm,0.411451414
Biofilm,0.212561553
Biofilm,0.143536426
Biofilm,0.15210861
Biofilm,0.091730051
Biofilm,0.01054257
Biofilm,0.063003543
Biofilm,0.108672163
Biofilm,0.215809785
Biofilm,0.258767887
Biofilm,0.098989978
Biofilm,0.074849441
Biofilm,0.64205976
Biofilm,0.468478036
Biofilm,0.095186281
Biofilm,0.624036159
Biofilm,0.194152355
Biofilm,0.033968704
Biofilm,0.157685953
Biofilm,0.33880417
Biofilm,0.129516461
Biofilm,0.326566454
Biofilm,0.02981527
Biofilm,0.060348064
Biofilm,0.082820805
Biofilm,0.649095371
Biofilm,0.231923862
Biofilm,0.424215011
Biofilm,0.123649729
Biofilm,0.355438261
Biofilm,0.163698164
Biofilm,0.104597758
Biofilm,0.456046816
Biofilm,0.502057862
Biofilm,0.264291463
Biofilm,0.014160749
Biofilm,0.064174809
Biofilm,0.330198999
Biofilm,0.018383733
Biofilm,0.647106341
Biofilm,0.219860895
Biofilm,0.629194931
Biofilm,0.345777447
Biofilm,0.18456002
Biofilm,0.038101141
Biofilm,0.018715828
Biofilm,0.088912347
Biofilm,0.718547761
Biofilm,0.144952512
Biofilm,0.845218429
Biofilm,0.712472169
Biofilm,0.129945595
Biofilm,0.354515333
Biofilm,0.037642358
Biofilm,0.095554978
Biofilm,0.056888051
Biofilm,0.347620087
Biofilm,0.277868906
Biofilm,0.019705086
Biofilm,0.097584165
Biofilm,0.04958184
Biofilm,0.002107044
Biofilm,0.078447061
Biofilm,0.518808399
Biofilm,0.113990585
Biofilm,0.65925337
Biofilm,0.164533961
Biofilm,0.492421015
Biofilm,0.056311198
Biofilm,0.369751176
Biofilm,0.123755983
Biofilm,0.100956666
Biofilm,0.272036127
Biofilm,0.237070004
Biofilm,0.224074939
Biofilm,0.025381948
Biofilm,0.058116705
Biofilm,0.503534046
Biofilm,0.457292563
Biofilm,0.030286816
Biofilm,0.143104176
Biofilm,0.108232947
Biofilm,0.091189333
Biofilm,0.473023243
Biofilm,0.241762637
Biofilm,0.059824634
Biofilm,0.267411961
Biofilm,0.09740247
Biofilm,0.258388436
Biofilm,0.085860575
Biofilm,0.082848412
Biofilm,0.093618489
Biofilm,0.11624169
Biofilm,0.040138342
Biofilm,0.085728879
Biofilm,0.077047481
Biofilm,0.108333817
Biofilm,0.63580407
Biofilm,0.030924727
Biofilm,0.471535039
Biofilm,0.10776021
Biofilm,0.182654423
Biofilm,0.258206794
Biofilm,0.312576288
Biofilm,0.078708927
Biofilm,0.041149665
Biofilm,0.080935115
Biofilm,0.283795442
Biofilm,0.188291977
Biofilm,0.015165135
Biofilm,0.089595996
Biofilm,0.071326196
Biofilm,0.037141876
Biofilm,0.010026139
Biofilm,0.352540239
Biofilm,0.156167403
Biofilm,0.446245803
Biofilm,0.416157103
Biofilm,0.02851249
Biofilm,0.103287769
Biofilm,0.552891193
Biofilm,0.231973531
Biofilm,0.478996341
Biofilm,0.246704465
Biofilm,0.022388888
Biofilm,0.319880377
Biofilm,0.306967236
Biofilm,0.326081455
Biofilm,0.265668547
Biofilm,0.185640652
Biofilm,0.115370193
Biofilm,0.300789795
Biofilm,0.406113722
Biofilm,0.077261541
Biofilm,0.192445452
Biofilm,0.512106895
Biofilm,0.048674779
Biofilm,0.118797145
Biofilm,0.092533532
Biofilm,0.356337962
Biofilm,0.500374127
Biofilm,0.056767856
Biofilm,0.598919844
Biofilm,0.183933398
Biofilm,0.26526089
Biofilm,0.182010079
Biofilm,0.097381164
Biofilm,0.558221334
Biofilm,0.288332791
Biofilm,0.067321152
Biofilm,0.905978109
Biofilm,0.257099003
Biofilm,0.083420431
Biofilm,0.359046383
Biofilm,0.344563557
Biofilm,0.129544144
Biofilm,0.39238007
Biofilm,0.061737466
Biofilm,0.318809938
Biofilm,0.581026607
Biofilm,0.094349572
Biofilm,0.016618495
Biofilm,0.1961528
Biofilm,0.644269941
Biofilm,0.143523085
Biofilm,0.051933856
Biofilm,0.015872893
Biofilm,0.304895043
Biofilm,0.530346118
Biofilm,0.269606941
Biofilm,0.002049308
Biofilm,0.354215302
Biofilm,0.810531204
Biofilm,0.291384015
Biofilm,0.230952114
Biofilm,0.641841226
Biofilm,0.060409454
Biofilm,0.300225477
Biofilm,0.074428588
Biofilm,0.008355559
Biofilm,0.163539338
Biofilm,0.385434037
Biofilm,0.009236699
Biofilm,0.027337674
Biofilm,0.307105604
Biofilm,0.074296088
Biofilm,0.099919466
Biofilm,0.380378988
Biofilm,0.211236047
Biofilm,0.553247594
Biofilm,0.203544377
Biofilm,0.041411914
Biofilm,0.55098097
Biofilm,0.053401416
Biofilm,0.239613952
Biofilm,0.374495956
Biofilm,0.130201628
Biofilm,0.155825656
Biofilm,0.234359076
Biofilm,0.259072117
Biofilm,0.302350109
Biofilm,0.742696581
Biofilm,0.078306658
Biofilm,0.172747927
Biofilm,0.445105384
Biofilm,0.524842914
Biofilm,0.470118127
Biofilm,0.054573867
Biofilm,0.090289332
Biofilm,0.0975816
Biofilm,0.238454796
Biofilm,0.169681852
Biofilm,0.050126526
Biofilm,0.944141211
Biofilm,0.616314316
Biofilm,0.017325554
Biofilm,0.661581866
Biofilm,0.244891777
Biofilm,0.203486012
Biofilm,0.153970445
Biofilm,0.140565289
Biofilm,0.431030489
Biofilm,0.451476697
Biofilm,0.602896139
Biofilm,0.108449433
Biofilm,0.60936892
Biofilm,0.067130962
Biofilm,0.213882095
Biofilm,0.282779782
Biofilm,0.030836452
Biofilm,0.226537461
Biofilm,0.5465572
Biofilm,0.180317921
Biofilm,0.081950037
Biofilm,0.30813173
Biofilm,0.760081915
Biofilm,0.745214972
Biofilm,0.185417754
Biofilm,0.043686324
Biofilm,0.700667797
Biofilm,0.054633867
Biofilm,0.04347837
Biofilm,0.636870069
Biofilm,0.417148493
Biofilm,0.044844707
Biofilm,0.023316445
Biofilm,0.581301081
Biofilm,0.289652232
Biofilm,0.107469421
Biofilm,0.14554768
Biofilm,0.3260849
Biofilm,0.541537983
Biofilm,0.176907917
Biofilm,0.161682256
Biofilm,0.336165129
Biofilm,0.279517433
Biofilm,0.033628018
Biofilm,0.207725222
Biofilm,0.001864475
Biofilm,0.334970219
Biofilm,0.11675698
Biofilm,0.046674423
Biofilm,0.406934655
Biofilm,0.424183945
Biofilm,0.084809363
Biofilm,0.066423081
Biofilm,0.108630079
Biofilm,0.045444955
Biofilm,0.217683696
Biofilm,0.039385072
Biofilm,0.354917001
Biofilm,0.225213376
Biofilm,0.107855861
Biofilm,0.68098752
Biofilm,0.461495209
Biofilm,0.43456201
Biofilm,0.302928639
Biofilm,0.129525718
Biofilm,0.234865285
Biofilm,0.535741977
Biofilm,0.112324664
Biofilm,0.143363571
Biofilm,0.128038195
Biofilm,0.712119798
Biofilm,0.327158941
Biofilm,0.683819422
Biofilm,0.727324168
Biofilm,0.006723254
Biofilm,0.020126394
Biofilm,0.167358176
Biofilm,0.158669472
Biofilm,0.276361596
Biofilm,0.710339072
Biofilm,0.294477231
Biofilm,0.025535885
Biofilm,0.369816697
Biofilm,0.197544797
Biofilm,0.153542056
Biofilm,0.377505101
Biofilm,0.269105961
Biofilm,0.428553642
Biofilm,0.013888395
Biofilm,0.280788388
Biofilm,0.053209471
Biofilm,0.094595881
Biofilm,0.097437926
Biofilm,0.285109459
Biofilm,0.09055868
Biofilm,0.516323356
Biofilm,0.234302412
Biofilm,0.047468952
Biofilm,0.022049004
Biofilm,0.268230212
Biofilm,0.374886758
Biofilm,0.132880764
Biofilm,0.080566689
Biofilm,0.378040406
Biofilm,0.134789006
Biofilm,0.207768745
Biofilm,0.461765471
Biofilm,0.052265929
Biofilm,0.03427713
Biofilm,0.043863075
Biofilm,0.203019087
Biofilm,0.159151022
Biofilm,0.206814115
Biofilm,0.207323006
Biofilm,0.358643367
Biofilm,0.338238111
Biofilm,0.335933436
Biofilm,0.206526799
Biofilm,0.108283197
Biofilm,0.019115517
Biofilm,0.077864116
Biofilm,0.405185874
Biofilm,0.567767925
Biofilm,0.104721363
Biofilm,0.019486881
Biofilm,0.20786235
Biofilm,0.27784326
Biofilm,0.070489797
Biofilm,0.014534436
Biofilm,0.269175443
Biofilm,0.175343727
Biofilm,0.589582627
Biofilm,0.058206451
Biofilm,0.036901312
Biofilm,0.0566334
Biofilm,0.010058937
Biofilm,0.586930336
Biofilm,0.008953424
Biofilm,0.431640169
Biofilm,0.014638658
Biofilm,0.320347318
Biofilm,0.569490921
Biofilm,0.16989295
Biofilm,0.280627157
Biofilm,0.018618077
Biofilm,0.237525838
Biofilm,0.5440439
Biofilm,0.211641037
Biofilm,0.019247948
Biofilm,0.398333214
Biofilm,0.104988595
Biofilm,0.18502949
Biofilm,0.354423184
Biofilm,0.322666923
Biofilm,0.526080678
Biofilm,0.087874154
Biofilm,0.808140267
Biofilm,0.140533759
Biofilm,0.354700141
Biofilm,0.102743805
Biofilm,0.58731414
Biofilm,0.066837058
Biofilm,0.031480699
Biofilm,0.236714675
Biofilm,0.053452711
Biofilm,0.132449544
Biofilm,0.706382213
Biofilm,0.202759593
Biofilm,0.019337557
Biofilm,0.93463942
Biofilm,0.195750599
Biofilm,0.35998897
Biofilm,0.429297223
Biofilm,0.489138168
Biofilm,0.793904529
Biofilm,0.659060438
Biofilm,0.01351333
Biofilm,0.444068291
Biofilm,0.406167734
Biofilm,0.045102011
Biofilm,0.76751408
Biofilm,0.229750238
Biofilm,0.160944485
Biofilm,0.171919431
Biofilm,0.422080999
Biofilm,0.206140174
Biofilm,0.122699117
Biofilm,0.327368128
Biofilm,0.050282144
Biofilm,0.080442142
Biofilm,0.192103572
Biofilm,0.022002654
Biofilm,0.370777391
Biofilm,0.09254182
Biofilm,0.294951423
Biofilm,0.06642323
Biofilm,0.508830348
Biofilm,0.433741731
Biofilm,0.249268772
Biofilm,0.527560311
Biofilm,0.240018895
Biofilm,0.101163937
Biofilm,0.122112494
Biofilm,0.268203346
Biofilm,0.063137431
Biofilm,0.309559065
Biofilm,0.935779649
Biofilm,0.586428489
Biofilm,0.50195722
Biofilm,0.03396478
Biofilm,0.096690892
Biofilm,0.505847031
Biofilm,0.724347521
Biofilm,0.543396655
Biofilm,0.065745444
Biofilm,0.509331135
Biofilm,0.055429706
Biofilm,0.287967055
Biofilm,0.249566698
Biofilm,0.096487714
Biofilm,0.083602327
Biofilm,0.067834079
Biofilm,0.031598308
Biofilm,0.310029648
Biofilm,0.492105407
Biofilm,0.326744624
Biofilm,0.045802761
Biofilm,0.166155493
Biofilm,0.471140132
Biofilm,0.474212997
Biofilm,0.139071513
Biofilm,0.203225168
Biofilm,0.082223233
Biofilm,0.491882465
Biofilm,0.324533058
Biofilm,0.043093862
Biofilm,0.360178017
Biofilm,0.044434743
Biofilm,0.021558773
Biofilm,0.39163835
Biofilm,0.665162786
Biofilm,0.288056161
Biofilm,0.501003832
Biofilm,0.173425093
Biofilm,0.076681621
Biofilm,0.488663927
Biofilm,0.237336682
Biofilm,0.204726999
Biofilm,0.372104522
Biofilm,0.050155681
Biofilm,0.518065154
Biofilm,0.772793916
Biofilm,0.086128295
Biofilm,0.057291509
Biofilm,0.678999272
Biofilm,0.158074314
Biofilm,0.35154911
Biofilm,0.09509089
Biofilm,0.547272268
Biofilm,0.211876828
Biofilm,0.294746457
Biofilm,0.141086098
Biofilm,0.001769598
Biofilm,0.151482587
Biofilm,0.084841194
Biofilm,0.157843673
Biofilm,0.294648462
Biofilm,0.17067429
Biofilm,0.338779284
Biofilm,0.005430746
Biofilm,0.031612725
Biofilm,0.057995323
Biofilm,0.262618503
Biofilm,0.077031825
Biofilm,0.538524584
Biofilm,0.523902451
Biofilm,0.022840968
Biofilm,0.479139092
Biofilm,0.158801515
Biofilm,0.000441984
Biofilm,0.253127512
Biofilm,0.490220615
Biofilm,0.181342295
Biofilm,0.237205993
Biofilm,0.194187351
Biofilm,0.00694095
Biofilm,0.071184254
Biofilm,0.094532684
Biofilm,0.671883511
Biofilm,0.284678518
Biofilm,0.703660267
Biofilm,0.610737285
Biofilm,0.513947159
Biofilm,0.142306831
Biofilm,0.063919107
Biofilm,0.564874555
Biofilm,0.058966318
Biofilm,0.084225029
Biofilm,0.498467172
Biofilm,0.032336749
Biofilm,0.609339257
Biofilm,0.011545343
Biofilm,0.238344358
Biofilm,0.024364137
Biofilm,0.003838658
Biofilm,0.385648146
Biofilm,0.607510372
Biofilm,0.236838246
Biofilm,0.73237275
Biofilm,0.642793894
Biofilm,0.46902909
Biofilm,0.132858408
Biofilm,0.13700885
Biofilm,0.52253757
Biofilm,0.061755809
Biofilm,0.253476534
Biofilm,0.555002829
Biofilm,0.136949915
Biofilm,0.205975826
Biofilm,0.129956073
Biofilm,0.559192556
Biofilm,0.046590663
Biofilm,0.34462335
Biofilm,0.36653474
Biofilm,0.532310515
Biofilm,0.082655346
Biofilm,0.214929986
Biofilm,0.149154261
Biofilm,0.599697513
Biofilm,0.095109669
Biofilm,0.23886881
Biofilm,0.056087501
Biofilm,0.283484451
Biofilm,0.202957336
Biofilm,0.700021511
Biofilm,0.061130205
Biofilm,0.226639064
Biofilm,0.316439513
Biofilm,0.186584214
Biofilm,0.341849088
Biofilm,0.039270856
Biofilm,0.214620015
Biofilm,0.36755043
Biofilm,0.094419968
Biofilm,0.022614117
Biofilm,0.089095112
Biofilm,0.001207172
Biofilm,0.411967778
Biofilm,0.054566965
Biofilm,0.078945808
Biofilm,0.057758334
Biofilm,0.053081143
Biofilm,0.048138943
Biofilm,0.207002248
Biofilm,0.651512138
Biofilm,0.434655329
Biofilm,0.304535199
Biofilm,0.068367326
Biofilm,0.131322085
Biofilm,0.061685683
Biofilm,0.08345281
Biofilm,0.442848187
Biofilm,0.197420564
Biofilm,0.120283884
Biofilm,0.180330578
Biofilm,0.584831363
Biofilm,0.366289154
Biofilm,0.566694224
Biofilm,0.201313025
Biofilm,0.536455335
Biofilm,0.659911187
Biofilm,0.183542238
Biofilm,0.567522425
Biofilm,0.46328593
Biofilm,0.39580555
Biofilm,0.097788021
Biofilm,0.126807704
Biofilm,0.194544496
Biofilm,0.046089022
Biofilm,0.685269504
Biofilm,0.616206693
Biofilm,0.216107885
Biofilm,0.775060889
Biofilm,0.069256901
Biofilm,0.708763727
Biofilm,0.410902095
Biofilm,0.040959945
Biofilm,0.693003309
Biofilm,0.18558003
Biofilm,0.160475202
Biofilm,0.250280221
Biofilm,0.10503792
Biofilm,0.67356508
Biofilm,0.103628526
Biofilm,0.435075616
Biofilm,0.330013363
Biofilm,0.019023569
Biofilm,0.509015261
Biofilm,0.18199575
Biofilm,0.107547212
Biofilm,0.032144793
Biofilm,0.075405545
Biofilm,0.101925635
Biofilm,0.562028642
Biofilm,0.023774157
Biofilm,0.788734864
Biofilm,0.014181189
Biofilm,0.292389672
Biofilm,0.124999896
Biofilm,0.067870784
Biofilm,0.500694241
Biofilm,0.794972277
Biofilm,0.13865535
Biofilm,0.039957242
Biofilm,0.055982922
Biofilm,0.089514413
Biofilm,0.676716715
Biofilm,0.506981413
Biofilm,0.045623143
Biofilm,0.478249975
Biofilm,0.059081841
Biofilm,0.472742837
Biofilm,0.635842926
Biofilm,0.00230604
Biofilm,0.070270974
Biofilm,0.388523645
Biofilm,0.051079698
Biofilm,0.108027178
Biofilm,0.237345605
Biofilm,0.574290837
Biofilm,0.59779021
Biofilm,0.860643531
Biofilm,0.396921008
Biofilm,0.280852773
Biofilm,0.067777113
Biofilm,0.236201316
Biofilm,0.437551288
Biofilm,0.148157417
Biofilm,0.098295835
Biofilm,0.032197258
Biofilm,0.323561362
Biofilm,0.414185074
Biofilm,0.246434746
Biofilm,0.107724981
Biofilm,0.55789718
Biofilm,0.237571992
Biofilm,0.573598194
Biofilm,0.306087037
Biofilm,0.26074414
Biofilm,0.123287153
Biofilm,0.442388366
Biofilm,0.309360811
Biofilm,0.0429763
Biofilm,0.189857238
Biofilm,0.017924485
Biofilm,0.526726791
Biofilm,0.601151404
Biofilm,0.097943967
Biofilm,0.038806424
Biofilm,0.285737729
Biofilm,0.324087004
Biofilm,0.145225591
Biofilm,0.37178067
Biofilm,0.019499482
Biofilm,0.274417398
Biofilm,0.378073237
Biofilm,0.023895555
Biofilm,0.711233921
Biofilm,0.051527933
Biofilm,0.096953921
Biofilm,0.167968854
Biofilm,0.06209007
Biofilm,0.32634865
Biofilm,0.013286914
Biofilm,0.103059275
Biofilm,0.537444204
Biofilm,0.226694776
Biofilm,0.040774739
Biofilm,0.044822184
Biofilm,0.145405561
Biofilm,0.283383714
Biofilm,0.460749618
Biofilm,0.167708567
Biofilm,0.104721747
Biofilm,0.012892105
Biofilm,0.43197465
Biofilm,0.059461034
Biofilm,0.400171762
Biofilm,0.083955014
Biofilm,0.524639833
Biofilm,0.053030863
Biofilm,0.161937635
Biofilm,0.377505541
Biofilm,0.492508085
Biofilm,0.036417956
Biofilm,0.260255672
Biofilm,0.768063301
Biofilm,0.545460771
Biofilm,0.445566747
Biofilm,0.000874356
Biofilm,0.882011632
Biofilm,0.027187438
Biofilm,0.142264511
Biofilm,0.11178768
Biofilm,0.021128593
Biofilm,0.566706413
Biofilm,0.441509216
Biofilm,0.684743616
Biofilm,0.14216658
Biofilm,0.290427849
Biofilm,0.289676857
Biofilm,0.729341373
Biofilm,0.354745704
Biofilm,0.006101161
Biofilm,0.397431733
Biofilm,0.492386504
Biofilm,0.567287609
Biofilm,0.138797587
Biofilm,0.110266315
Biofilm,0.54941898
Biofilm,0.610287213
Biofilm,0.035895828
Biofilm,0.149793719
Biofilm,0.009709029
Biofilm,0.064666826
Biofilm,0.065178113
Biofilm,0.230374772
Biofilm,0.139094716
Biofilm,0.034754376
Biofilm,0.194032374
Biofilm,0.116411657
Biofilm,0.026973619
Biofilm,0.142156149
Biofilm,0.235568792
Biofilm,0.496009946
Biofilm,0.142517802
Biofilm,0.041373213
Biofilm,0.228451486
Biofilm,0.534795226
Biofilm,0.248696228
Biofilm,0.965155709
Biofilm,0.093861496
Biofilm,0.475478064
Biofilm,0.214042689
Biofilm,0.413465931
Biofilm,0.088291436
Biofilm,0.003689662
Biofilm,0.359927823
Biofilm,0.198977086
Biofilm,0.027282269
Biofilm,0.34497948
Biofilm,0.013310426
Biofilm,0.445947205
Biofilm,0.63483545
Biofilm,0.313111708
Biofilm,0.236282677
Biofilm,0.130283025
Biofilm,0.084947649
Biofilm,0.02872275
Biofilm,0.058555633
Biofilm,0.828826302
Biofilm,0.460085102
Biofilm,0.255803429
Biofilm,0.393718103
Biofilm,0.473134357
Biofilm,0.121862898
Biofilm,0.102653168
Biofilm,0.468124769
Biofilm,0.326464285
Biofilm,0.438025665
Biofilm,0.542528937
Biofilm,0.011910827
Biofilm,0.25186567
Biofilm,0.537367629
Biofilm,0.426630236
Biofilm,0.055986542
Biofilm,0.414176639
Biofilm,0.374883322
Biofilm,0.411998497
Biofilm,0.487096922
Biofilm,0.142264033
Biofilm,0.03360947
Biofilm,0.453732191
Biofilm,0.449886953
Biofilm,0.220813058
Biofilm,0.08160207
Biofilm,0.357041337
Biofilm,0.325743369
Biofilm,0.08571286
Biofilm,0.105883796
Biofilm,0.233935924
Biofilm,0.084835442
Biofilm,0.013379043
Biofilm,0.164473445
Biofilm,0.14872974
Biofilm,0.041784161
Biofilm,0.038545003
Biofilm,0.153734944
Biofilm,0.020135164
Biofilm,0.188798671
Biofilm,0.14192202
Biofilm,0.016658198
Biofilm,0.020349397
Biofilm,0.170167204
Biofilm,0.029867385
Biofilm,0.390378819
Biofilm,0.420792375
Biofilm,0.119249434
Biofilm,0.074781985
Biofilm,0.136941979
Biofilm,0.981456562
Biofilm,0.017172727
Biofilm,0.029985215
Biofilm,0.753971514
Biofilm,0.502008934
Biofilm,0.432362838
Biofilm,0.044221057
Biofilm,0.555334749
Biofilm,0.26500804
Biofilm,0.331896852
Biofilm,0.169727836
Biofilm,0.165478968
Biofilm,0.127294053
Biofilm,0.336176406
Biofilm,0.224368571
Biofilm,0.193001294
Biofilm,0.273299966
Biofilm,0.010336918
Biofilm,0.165368329
Biofilm,0.15119092
Biofilm,0.509388596
Biofilm,0.26445095
Biofilm,0.33973333
Biofilm,0.329065956
Biofilm,0.203665244
Biofilm,0.155021599
Biofilm,0.337625665
Biofilm,0.043051441
Biofilm,0.153938981
Biofilm,0.747499927
Biofilm,0.795938354
Biofilm,0.195270309
Biofilm,0.31553683
Biofilm,0.047037587
Biofilm,0.066674288
Biofilm,0.180348545
Biofilm,0.702610467
Biofilm,0.04382689
Biofilm,0.164875793
Biofilm,0.029109002
Biofilm,0.072261338
Biofilm,0.233040498
Biofilm,0.739354344
Biofilm,0.125217622
Biofilm,0.066152736
Biofilm,0.553771957
Biofilm,0.244023414
Biofilm,0.306127865
Biofilm,0.121468834
Biofilm,0.139930616
Biofilm,0.187975887
Biofilm,0.189678592
Biofilm,0.046096554
Biofilm,0.245272755
Biofilm,0.511427092
Biofilm,0.379846096
Biofilm,0.017956149
Biofilm,0.336109599
Biofilm,0.077649984
Biofilm,0.744456784
Biofilm,0.104847747
Biofilm,0.258337642
Biofilm,0.083472913
Biofilm,0.556428616
Biofilm,0.160669131
Biofilm,0.136009064
Biofilm,0.006709691
Biofilm,0.158094449
Biofilm,0.224910957
Biofilm,0.05277736
Biofilm,0.059738286
Biofilm,0.010534027
Biofilm,0.269825233
Biofilm,0.014847841
Biofilm,0.377761263
Biofilm,0.388857666
Biofilm,0.467608644
Biofilm,0.367611675
Biofilm,0.004355867
Biofilm,0.063474318
Biofilm,0.169865981
Biofilm,0.107029279
Biofilm,0.013586433
Biofilm,0.405683186
Biofilm,0.277367767
Biofilm,0.220955954
Biofilm,0.639817822
Biofilm,0.085993883
Biofilm,0.098715503
Biofilm,0.26143681
Biofilm,0.088493346
Biofilm,0.387303852
Biofilm,0.166915295
Biofilm,0.163277574
Biofilm,0.038625596
Biofilm,0.157641808
Biofilm,0.241784335
Biofilm,0.577967907
Biofilm,0.033117379
Biofilm,0.111849987
Biofilm,0.627270827
Biofilm,0.583315373
Biofilm,0.400393281
Biofilm,0.287793512
Biofilm,0.09703596
Biofilm,0.238968362
Biofilm,0.41245095
Biofilm,0.432172034
Biofilm,0.06986847
Biofilm,0.068530403
Biofilm,0.251974374
Biofilm,0.567437007
Biofilm,0.625722882
Biofilm,0.541332406
Biofilm,0.408640988
Biofilm,0.39473246
Biofilm,0.060179662
Biofilm,0.78348698
Biofilm,0.092529457
Biofilm,0.033716621
Biofilm,0.631275916
Biofilm,0.072570946
Biofilm,0.513196109
Biofilm,0.120088092
Biofilm,0.377782822
Biofilm,0.07416331
Biofilm,0.22291111
Biofilm,0.460892869
Biofilm,0.003918744
Biofilm,0.127939449
Biofilm,0.071147375
Biofilm,0.035963892
Biofilm,0.156333643
Biofilm,0.321097346
Biofilm,0.183822227
Biofilm,0.134797511
Biofilm,0.525753487
Biofilm,0.486470642
Biofilm,0.09920616
Biofilm,0.329974627
Biofilm,0.189479736
Biofilm,0.303034024
Biofilm,0.033256793
Biofilm,0.043123435
Biofilm,0.609646256
Biofilm,0.146058764
Biofilm,0.288423009
Biofilm,0.282511997
Biofilm,0.464959324
Biofilm,0.034613533
Biofilm,0.558722334
Biofilm,0.883152152
Biofilm,0.108900461
Biofilm,0.025827739
Biofilm,0.576208335
Biofilm,0.038676212
Biofilm,0.171914759
Biofilm,0.039721305
Biofilm,0.005360095
Biofilm,0.228843083
Biofilm,0.228536941
Biofilm,0.766668042
Biofilm,0.408152143
Biofilm,0.182366522
Biofilm,0.003072159
Biofilm,0.083961204
Biofilm,0.545126349
Biofilm,0.060209585
Biofilm,0.571904773
Biofilm,0.213368863
Biofilm,0.261847384
Biofilm,0.240193513
Biofilm,0.434734786
Biofilm,0.004941275
Biofilm,0.423596053
Biofilm,0.109292552
Biofilm,0.724858985
Biofilm,0.072418629
Biofilm,0.238701454
Biofilm,0.173944914
Biofilm,0.110655522
Biofilm,0.276088194
Biofilm,0.059411809
Biofilm,0.399324126
Biofilm,0.330045622
Biofilm,0.365344568
Biofilm,0.086077333
Biofilm,0.027463392
Biofilm,0.177305166
Biofilm,0.62881692
Biofilm,0.227026696
Biofilm,0.049354109
Biofilm,0.138093395
Biofilm,0.200937109
Biofilm,0.178555892
Biofilm,0.336124513
Biofilm,0.363945579
Biofilm,0.033635395
Biofilm,0.41055047
Biofilm,0.419798381
Biofilm,0.130925867
Biofilm,0.680874397
Biofilm,0.181133007
Biofilm,0.106104796
Biofilm,0.175126141
Biofilm,0.014693791
Biofilm,0.544022658
Biofilm,0.027962068
Biofilm,0.003504554
Biofilm,0.079742894
Biofilm,0.207337761
Biofilm,0.428836648
Biofilm,0.341114015
Biofilm,0.071300511
Biofilm,0.088754914
Biofilm,0.205840902
Biofilm,0.044452781
Biofilm,0.047532829
Biofilm,0.216948456
Biofilm,0.559658859
Biofilm,0.068491314
Biofilm,0.023728015
Biofilm,0.231985104
Biofilm,0.891944589
Biofilm,0.119801647
Biofilm,0.349876927
Biofilm,0.662295879
Biofilm,0.132033358
Biofilm,0.104910009
Biofilm,0.10860712
Biofilm,0.047495437
Biofilm,0.118304364
Biofilm,0.111908268
Biofilm,0.524532016
Biofilm,0.016396736
Biofilm,0.111953339
Biofilm,0.427653245
Biofilm,0.691997898
Biofilm,0.034677586
Biofilm,0.500623664
Biofilm,0.120658522
Biofilm,0.016811061
Biofilm,0.366986782
Biofilm,0.115657215
Biofilm,0.254357787
Biofilm,0.395085557
Biofilm,0.361116585
Biofilm,0.615192377
Biofilm,0.41675932
Biofilm,0.144817803
Biofilm,0.068141428
Biofilm,0.932066173
Biofilm,0.099256648
Biofilm,0.059723234
Biofilm,0.213517623
Biofilm,0.009394505
Biofilm,0.214829292
Biofilm,0.005591034
Biofilm,0.172246529
Biofilm,0.264171521
Biofilm,0.260188004
Biofilm,0.316126717
Biofilm,0.068740947
Biofilm,0.693939102
Biofilm,0.322519495
Biofilm,0.880997645
Biofilm,0.311348168
Biofilm,0.373044266
Biofilm,0.019004005
Biofilm,0.336226949
Biofilm,0.044607478
Biofilm,0.265385269
Biofilm,0.281955376
Biofilm,0.666138009
Biofilm,0.000585095
Biofilm,0.265416678
Biofilm,0.096004149
Biofilm,0.533420954
Biofilm,0.375872501
Biofilm,0.050634887
Biofilm,0.75755579
Biofilm,0.518265627
Biofilm,0.0340823
Biofilm,0.016141024
Biofilm,0.146887834
Biofilm,0.302361802
Biofilm,0.502355713
Biofilm,0.010068537
Biofilm,0.013405465
Biofilm,0.169875059
Biofilm,0.041450789
Biofilm,0.003952966
Biofilm,0.025477535
Biofilm,0.114362939
Biofilm,0.064213638
Biofilm,0.094617426
Biofilm,0.747648542
Biofilm,0.358682572
Biofilm,0.012034335
Biofilm,0.609599146
Biofilm,0.256888961
Biofilm,0.252408976
Biofilm,0.13622213
Biofilm,0.038853127
Biofilm,0.432949219
Biofilm,0.306537866
Biofilm,0.17552096
Biofilm,0.058388169
Biofilm,0.120418825
Biofilm,0.347090948
Biofilm,0.225372008
Biofilm,0.154186816
Biofilm,0.403242981
Biofilm,0.294524283
Biofilm,0.619179164
Biofilm,0.176031524
Biofilm,0.311084681
Biofilm,0.308460698
Biofilm,0.121838564
Biofilm,0.350620556
Biofilm,0.029373428
Biofilm,0.114224003
Biofilm,0.380857892
Biofilm,0.06396155
Biofilm,0.05218149
Biofilm,0.456050503
Biofilm,0.069900914
Biofilm,0.262850952
Biofilm,0.007867637
Biofilm,0.401505268
Biofilm,0.016124694
Biofilm,0.013888305
Biofilm,0.396084642
Biofilm,0.208077668
Biofilm,0.201944999
Biofilm,0.01330814
Biofilm,0.222768132
Biofilm,0.293628822
Biofilm,0.148801035
Biofilm,0.523797906
Biofilm,0.025602443
Biofilm,0.285005269
Biofilm,0.034125199
Biofilm,0.021422037
Biofilm,0.431637615
Biofilm,0.754035802
Biofilm,0.054387556
Biofilm,0.152485215
Biofilm,0.2233307
Biofilm,0.470240528
Biofilm,0.099281695
Biofilm,0.518071728
Biofilm,0.070997661
Biofilm,0.145788903
Biofilm,0.31686694
Biofilm,0.028203812
Biofilm,0.874940452
Biofilm,0.305662497
Biofilm,0.276525302
Biofilm,0.33734481
Biofilm,0.11159284
Biofilm,0.019321066
Biofilm,0.368239019
Biofilm,0.367993391
Biofilm,0.358844981
Biofilm,0.561294003
Biofilm,0.023951356
Biofilm,0.097426966
Biofilm,0.473720954
Biofilm,0.44135225
Biofilm,0.256116564
Biofilm,0.074264607
Biofilm,0.158565904
Biofilm,0.020625902
Biofilm,0.578560459
Biofilm,0.0664609
Biofilm,0.099306426
Biofilm,0.003415758
Biofilm,0.430740525
Biofilm,0.559508195
Biofilm,0.112630347
Biofilm,0.345788127
Biofilm,0.039189158
Biofilm,0.111588817
Biofilm,0.520111209
Biofilm,0.055494623
Biofilm,0.070057998
Biofilm,0.163812778
Biofilm,0.358722233
Biofilm,0.071140366
Biofilm,0.032902613
Biofilm,0.064971126
Biofilm,0.175505115
Biofilm,0.042775416
Biofilm,0.173713487
Biofilm,0.315026125
Biofilm,0.340623096
Biofilm,0.194084985
Biofilm,0.207051721
Biofilm,0.010062284
Biofilm,0.531552293
Biofilm,0.148152223
Biofilm,0.055486603
Biofilm,0.14586205
Biofilm,0.698101393
Biofilm,0.24837761
Biofilm,0.279047512
Biofilm,0.148064015
Biofilm,0.017358411
Biofilm,0.733918186
Biofilm,0.167771446
Biofilm,0.477768714
Biofilm,0.082345903
Biofilm,0.538824614
Biofilm,0.164515704
Biofilm,0.303334038
Biofilm,0.409419948
Biofilm,0.045128271
Biofilm,0.201237458
Biofilm,0.454375384
Biofilm,0.235486242
Biofilm,0.180739035
Biofilm,0.213980016
Biofilm,0.086565136
Biofilm,0.301127304
Biofilm,0.318851317
Biofilm,0.051116453
Biofilm,0.436386894
Biofilm,0.3188062
Biofilm,0.096386893
Biofilm,0.647947837
Biofilm,0.0462918
Biofilm,0.210373455
Biofilm,0.775534682
Biofilm,0.213776732
Biofilm,0.014763018
Biofilm,0.290735017
Biofilm,0.723784112
Biofilm,0.006626397
Biofilm,0.336726058
Biofilm,0.115498022
Biofilm,0.66409811
Biofilm,0.546268672
Biofilm,0.691881696
Biofilm,0.211587564
Biofilm,0.061384285
Biofilm,0.30409874
Biofilm,0.222292757
Biofilm,0.097254258
Biofilm,0.209947869
Biofilm,0.253816119
Biofilm,0.228073367
Biofilm,0.428722612
Biofilm,0.353066362
Biofilm,0.186331216
Biofilm,0.198746058
Biofilm,0.221013064
Biofilm,0.338414872
Biofilm,0.337086287
Biofilm,0.057559783
Biofilm,0.239134432
Biofilm,0.047792748
Biofilm,0.139349286
Biofilm,0.420518413
Biofilm,0.464918582
Biofilm,0.417273181
Biofilm,0.442989033
Biofilm,0.035411454
Biofilm,0.395074707
Biofilm,0.272792108
Biofilm,0.654282321
Biofilm,0.322469175
Biofilm,0.542124635
Biofilm,0.426382861
Biofilm,0.137895784
Biofilm,0.105268106
Biofilm,0.761889307
Biofilm,0.008800701
Biofilm,0.313265967
Biofilm,0.449340362
Biofilm,0.347941442
Biofilm,0.058552108
Biofilm,0.359390832
Biofilm,0.115238886
Biofilm,0.68233984
Biofilm,0.078527199
Biofilm,0.024287346
Biofilm,0.002980062
Biofilm,0.445995749
Biofilm,0.193223683
Biofilm,0.51701718
Biofilm,0.461639766
Biofilm,0.09185932
Biofilm,0.005944493
Biofilm,0.281375762
Biofilm,0.508250319
Biofilm,0.105323853
Biofilm,0.371440554
Biofilm,0.141502288
Biofilm,0.158785912
Biofilm,0.029159772
Biofilm,0.09251405
Biofilm,0.581004689
Biofilm,0.013337727
Biofilm,0.166235073
Biofilm,0.131232698
Biofilm,0.217205069
Biofilm,0.12690137
Biofilm,0.613148202
Biofilm,0.492494271
Biofilm,0.058018987
Biofilm,0.522469792
Biofilm,0.033073777
Biofilm,0.249515863
Biofilm,0.215873391
Biofilm,0.093097043
Biofilm,0.291579895
Biofilm,0.048228288
Biofilm,0.169267447
Biofilm,0.200310081
Biofilm,0.515462583
Biofilm,0.360382813
Biofilm,0.060559869
Biofilm,0.1969334
Biofilm,0.322094665
Biofilm,0.267376982
Biofilm,0.053808818
Biofilm,0.180524014
Biofilm,0.444038099
Biofilm,0.342436576
Biofilm,0.320958245
Biofilm,0.141502463
Biofilm,0.061255537
Biofilm,0.27640542
Biofilm,0.401405312
Biofilm,0.349920868
Biofilm,0.080661364
Biofilm,0.184359664
Biofilm,0.407603809
Biofilm,0.406769388
Biofilm,0.266530066
Biofilm,0.274908087
Biofilm,0.132398659
Biofilm,0.151513655
Biofilm,0.056998526
Biofilm,0.049777485
Biofilm,0.145856668
Biofilm,0.170947031
Biofilm,0.058337414
Biofilm,0.601899564
Biofilm,0.129132506
Biofilm,0.220310523
Biofilm,0.024281875
Biofilm,0.040649586
Biofilm,0.417769543
Biofilm,0.237202531
Biofilm,0.260991212
Biofilm,0.335808653
Biofilm,0.173835711
Biofilm,0.439377428
Biofilm,0.167670526
Biofilm,0.036412988
Biofilm,0.005769648
Biofilm,0.274788866
Biofilm,0.124713574
Biofilm,0.092624308
Biofilm,0.105484702
Biofilm,0.505881397
Biofilm,0.578329038
Biofilm,0.258552585
Biofilm,0.307645384
Biofilm,0.38815808
Biofilm,0.653073911
Biofilm,0.395101823
Biofilm,0.059547825
Biofilm,0.108984271
Biofilm,0.475496215
Biofilm,0.043477414
Biofilm,0.077912072
Biofilm,0.157686437
Biofilm,0.022358305
Biofilm,0.116900256
Biofilm,0.547533866
Biofilm,0.001693972
Biofilm,0.308296572
Biofilm,0.225960351
Biofilm,0.089324364
Biofilm,0.181765034
Biofilm,0.555948704
Biofilm,0.615185206
Biofilm,0.195749439
Biofilm,0.091771234
Biofilm,0.038324322
Biofilm,0.220063288
Biofilm,0.096543169
Biofilm,0.363356727
Biofilm,0.005061153
Biofilm,0.723892576
Biofilm,0.034981425
Biofilm,0.081989453
Biofilm,0.008190092
Biofilm,0.101597479
Biofilm,0.279333757
Biofilm,0.253230393
Biofilm,0.04429013
Biofilm,0.447745237
Biofilm,0.470923439
Biofilm,0.252980168
Biofilm,0.163239463
Biofilm,0.614928201
Biofilm,0.588943097
Biofilm,0.265342562
Biofilm,0.433434206
Biofilm,0.042523082
Biofilm,0.663415607
Biofilm,0.306210613
Biofilm,0.081386738
Biofilm,0.005418987
Biofilm,0.178170752
Biofilm,0.316823268
Biofilm,0.041088983
Biofilm,0.002931238
Biofilm,0.116254177
Biofilm,0.170252409
Biofilm,0.429195722
Biofilm,0.22598172
Biofilm,0.223830079
Biofilm,0.270358763
Biofilm,0.183489206
Biofilm,0.338488309
Biofilm,0.255391199
Biofilm,0.656066025
Biofilm,0.003412672
Biofilm,0.053113061
Biofilm,0.118828019
Biofilm,0.439873845
Biofilm,0.218463575
Biofilm,0.577287357
Biofilm,0.182214335
Biofilm,0.078931751
Biofilm,0.207295896
Biofilm,0.698150888
Biofilm,0.011353805
Biofilm,0.484905022
Biofilm,0.324554787
Biofilm,0.640236223
Biofilm,0.573781624
Biofilm,0.151538898
Biofilm,0.220333218
Biofilm,0.484344031
Biofilm,0.06954575
Biofilm,0.559227831
Biofilm,0.033844501
Biofilm,0.416435828
Biofilm,0.321800974
Biofilm,0.530552982
Biofilm,0.164575853
Biofilm,0.102099325
Biofilm,0.186029961
Biofilm,0.011351837
Biofilm,0.845202874
Biofilm,0.335200499
Biofilm,0.362653827
Biofilm,0.170230485
Biofilm,0.401084735
Biofilm,0.250138017
Biofilm,0.103183673
Biofilm,0.069818
Biofilm,0.525163215
Biofilm,0.441882288
Biofilm,0.381969765
Biofilm,0.022147584
Biofilm,0.027334003
Biofilm,0.227431305
Biofilm,0.033452781
Biofilm,0.525739549
Biofilm,0.448922571
Biofilm,0.626165681
Biofilm,0.590654845
Biofilm,0.629428846
Biofilm,0.600840987
Biofilm,0.345916448
Biofilm,0.169389991
Biofilm,0.046841655
Biofilm,0.116228513
Biofilm,0.167068951
Biofilm,0.593585094
Biofilm,0.609883371
Biofilm,0.536496496
Biofilm,0.609184959
Biofilm,0.153281517
Biofilm,0.273830937
Biofilm,0.89537231
Biofilm,0.313713049
Biofilm,0.19394975
Biofilm,0.654636464
Biofilm,0.268749592
Biofilm,0.062711187
Biofilm,0.029767573
Biofilm,0.214896609
Biofilm,0.175634207
Biofilm,0.276698489
Biofilm,0.289141336
Biofilm,0.04759452
Biofilm,0.478451157
Biofilm,0.022952237
Biofilm,0.466859595
Biofilm,0.10081387
Biofilm,0.029000167
Biofilm,0.072100168
Biofilm,0.161674381
Biofilm,0.005476658
Biofilm,0.453309944
Biofilm,0.164740644
Biofilm,0.282087387
Biofilm,0.171013325
Biofilm,0.080917753
Biofilm,0.040637024
Biofilm,0.260051547
Biofilm,0.115557804
Biofilm,0.621460373
Biofilm,0.66559937
Biofilm,0.745410443
Biofilm,0.431038708
Biofilm,0.092547516
Biofilm,0.059083796
Biofilm,0.067563661
Biofilm,0.053169615
Biofilm,0.028110784
Biofilm,0.01227469
Biofilm,0.248666934
Biofilm,0.142889976
Biofilm,0.061248049
Biofilm,0.485877252
Biofilm,0.403624953
Biofilm,0.265649258
Biofilm,0.236356012
Biofilm,0.068613595
Biofilm,0.038509527
Biofilm,0.32143999
Biofilm,0.010759941
Biofilm,0.350466991
Biofilm,0.099530719
Biofilm,0.099792716
Biofilm,0.134999254
Biofilm,0.373449513
Biofilm,0.09525538
Biofilm,0.049058236
Biofilm,0.694490218
Biofilm,0.290639899
Biofilm,0.028019597
Biofilm,0.076016887
Biofilm,0.441433911
Biofilm,0.161871297
Biofilm,0.125518836
Biofilm,0.173357741
Biofilm,0.068809
Biofilm,0.014552671
Biofilm,0.1627835
Biofilm,0.550675646
Biofilm,0.12177015
Biofilm,0.189951075
Biofilm,0.270082803
Biofilm,0.096418387
Biofilm,0.487907252
Biofilm,0.367836086
Biofilm,0.13642812
Biofilm,0.142433464
Biofilm,0.118596581
Biofilm,0.506676829
Biofilm,0.182303
Biofilm,0.005489012
Biofilm,0.425792086
Biofilm,0.04417612
Biofilm,0.428000144
Biofilm,0.837421758
Biofilm,0.487013533
Biofilm,0.197232819
Biofilm,0.041990453
Biofilm,0.016279536
Biofilm,0.365718026
Biofilm,0.440465553
Biofilm,0.342961282
Biofilm,0.101454133
Biofilm,0.031053556
Biofilm,0.15155571
Biofilm,0.533166772
Biofilm,0.058127483
Biofilm,0.392513909
Biofilm,0.113793572
Biofilm,0.189881639
Biofilm,0.212126609
Biofilm,0.598483656
Biofilm,0.089911406
Biofilm,0.288148313
Biofilm,0.197084496
Biofilm,0.321743374
Biofilm,0.047256962
Biofilm,0.454281861
Biofilm,0.405415748
Biofilm,0.100888851
Biofilm,0.063055072
Biofilm,0.165942632
Biofilm,0.140228807
Biofilm,0.043550446
Biofilm,0.161291944
Biofilm,0.638053198
Biofilm,0.772238598
Biofilm,0.219610238
Biofilm,0.052121501
Biofilm,0.024458971
Biofilm,0.121342446
Biofilm,0.211344753
Biofilm,0.628067129
Biofilm,0.213472747
Biofilm,0.515468879
Biofilm,0.559262553
Biofilm,0.001872927
Biofilm,0.329170204
Biofilm,0.443857826
Biofilm,0.142079061
Biofilm,0.307399676
Biofilm,0.460702537
Biofilm,0.024375116
Biofilm,0.562113267
Biofilm,0.18880705
Biofilm,0.041169012
Biofilm,0.237099478
Biofilm,0.423355004
Biofilm,0.645734628
Biofilm,0.081866842
Biofilm,0.270803935
Biofilm,0.146499016
Biofilm,0.498676299
Biofilm,0.031728231
Biofilm,0.100769136
Biofilm,0.156183187
Biofilm,0.433914721
Biofilm,0.034276431
Biofilm,0.366800721
Biofilm,0.539081558
Biofilm,0.539049879
Biofilm,0.209761243
Biofilm,0.137252578
Biofilm,0.108079443
Biofilm,0.465119826
Biofilm,0.065325159
Biofilm,0.246602919
Biofilm,0.677973091
Biofilm,0.784510283
Biofilm,0.131180494
Biofilm,0.345752566
Biofilm,0.7247539
Biofilm,0.28044807
Biofilm,0.247327996
Biofilm,0.453633262
Biofilm,0.316881035
Biofilm,0.178987372
Biofilm,0.061964112
Biofilm,0.263326688
Biofilm,0.058940829
Biofilm,0.417403346
Biofilm,0.366559859
Biofilm,0.335834422
Biofilm,0.026985777
Biofilm,0.173563332
Biofilm,0.112863194
Biofilm,0.452109392
Biofilm,0.088787187
Biofilm,0.212418204
Biofilm,0.224721275
Biofilm,0.162906543
Biofilm,0.693307754
Biofilm,0.172521566
Biofilm,0.197553491
Biofilm,0.149021872
Biofilm,0.485459542
Biofilm,0.542638944
Biofilm,0.261130665
Biofilm,0.3938039
Biofilm,0.045159104
Biofilm,0.016482844
Biofilm,0.118429
Biofilm,0.114444746
Biofilm,0.438175944
Biofilm,0.246183392
Biofilm,0.407994186
Biofilm,0.826953649
Biofilm,0.078274104
Biofilm,0.390504306
Biofilm,0.38546834
Biofilm,0.658309753
Biofilm,0.137225202
Biofilm,0.1358865
Biofilm,0.098823815
Biofilm,0.026130564
Biofilm,0.232040663
Biofilm,0.057868481
Biofilm,0.156890849
Biofilm,0.155057055
Biofilm,0.194303566
Biofilm,0.455837011
Biofilm,0.263987219
Biofilm,0.023788795
Biofilm,0.054235653
Biofilm,0.771812791
Biofilm,0.291502038
Biofilm,0.173230929
Biofilm,0.383911429
Biofilm,0.244011591
Biofilm,0.370690825
Biofilm,0.64070435
Biofilm,0.095037617
Biofilm,0.489304339
Biofilm,0.503166742
Biofilm,0.706064323
Biofilm,0.051209548
Biofilm,0.071043822
Biofilm,0.568315696
Biofilm,0.694919891
Biofilm,0.006569276
Biofilm,0.022828374
Biofilm,0.278494186
Biofilm,0.49830723
Biofilm,0.714369546
Biofilm,0.011486104
Biofilm,0.093012967
Biofilm,0.061650932
Biofilm,0.033802345
Biofilm,0.066248584
Biofilm,0.276874156
Biofilm,0.504594752
Biofilm,0.037317066
Biofilm,0.450517883
Biofilm,0.108749825
Biofilm,0.3578331
Biofilm,0.208758131
Biofilm,0.027912877
Biofilm,0.060496096
Biofilm,0.167546486
Biofilm,0.533503518
Biofilm,0.277310616
Biofilm,0.104862233
Biofilm,0.729605178
Biofilm,0.566072944
Biofilm,0.050745428
Biofilm,0.120580874
Biofilm,0.163058852
Biofilm,0.133558816
Biofilm,0.23486697
Biofilm,0.080703635
Biofilm,0.159879813
Biofilm,0.546401101
Biofilm,0.254097869
Biofilm,0.080803668
Biofilm,0.769546217
Biofilm,0.02236377
Biofilm,0.196009228
Biofilm,0.512001313
Biofilm,0.228363972
Biofilm,0.06872736
Biofilm,0.077843389
Biofilm,0.200561915
Biofilm,0.002442329
Biofilm,0.132073174
Biofilm,0.090857116
Biofilm,0.313723536
Biofilm,0.180590169
Biofilm,0.444064556
Biofilm,0.223876322
Biofilm,0.330742366
Biofilm,0.580942079
Biofilm,0.089649395
Biofilm,0.409256871
Biofilm,0.007129492
Biofilm,0.478968608
Biofilm,0.19792265
Biofilm,0.249283298
Biofilm,0.493891057
Biofilm,0.025388
Biofilm,0.447384067
Biofilm,0.040928715
Biofilm,0.114105068
Biofilm,0.207486754
Biofilm,0.125720655
Biofilm,0.641199273
Biofilm,0.783730505
Biofilm,0.500132053
Biofilm,0.537850999
Biofilm,0.333024774
Biofilm,0.145112821
Biofilm,0.119358208
Biofilm,0.051123915
Biofilm,0.037704637
Biofilm,0.107895496
Biofilm,0.078797022
Biofilm,0.264181619
Biofilm,0.241519182
Biofilm,0.080297444
Biofilm,0.114961686
Biofilm,0.559648288
Biofilm,0.055442208
Biofilm,0.472127173
Biofilm,0.011388594
Biofilm,0.333118719
Biofilm,0.341975253
Biofilm,0.029617511
Biofilm,0.159664104
Biofilm,0.026424548
Biofilm,0.115752664
Biofilm,0.225330492
Biofilm,0.046383776
Biofilm,0.026903556
Biofilm,0.340333034
Biofilm,0.249991925
Biofilm,0.29384897
Biofilm,0.203069899
Biofilm,0.150322767
Biofilm,0.200202566
Biofilm,0.706644182
Biofilm,0.036330666
Biofilm,0.156128254
Biofilm,0.128166967
Biofilm,0.111714837
Biofilm,0.231622223
Biofilm,0.109538153
Biofilm,0.06007617
Biofilm,0.495156454
Biofilm,0.197973707
Biofilm,0.103408604
Biofilm,0.263372978
Biofilm,0.046932353
Biofilm,0.028084678
Biofilm,0.301012165
Biofilm,0.111766053
Biofilm,0.555175008
Biofilm,0.117082472
Biofilm,0.304810251
Biofilm,0.481061507
Biofilm,0.596608074
Biofilm,0.475798615
Biofilm,0.193814717
Biofilm,0.226694193
Biofilm,0.200297302
Biofilm,0.459452762
Biofilm,0.810444562
Biofilm,0.146661905
Biofilm,0.407847636
Biofilm,0.225055331
Biofilm,0.056295264
Biofilm,0.092525171
Biofilm,0.102014368
Biofilm,0.080823555
Biofilm,0.051734758
Biofilm,0.480760576
Biofilm,0.323378625
Biofilm,0.371214495
Biofilm,0.100998869
Biofilm,0.511152435
Biofilm,0.265368648
Biofilm,0.03507874
Biofilm,0.335629669
Biofilm,0.054968438
Biofilm,0.054270245
Biofilm,0.914326263
Biofilm,0.152214732
Biofilm,0.027565717
Biofilm,0.389038172
Biofilm,0.188134603
Biofilm,0.38602986
Biofilm,0.064622857
Biofilm,0.193178364
Biofilm,0.216762435
Biofilm,0.039568877
Biofilm,0.053239234
Biofilm,0.46114969
Biofilm,0.259358966
Biofilm,0.162834939
Biofilm,0.137165308
Biofilm,0.101165289
Biofilm,0.03442578
Biofilm,0.202257236
Biofilm,0.0765837
Biofilm,0.225521076
Biofilm,0.401250971
Biofilm,0.878382799
Biofilm,0.011990765
Biofilm,0.261724362
Biofilm,0.085323978
Biofilm,0.133977232
Biofilm,0.06025208
Biofilm,0.398317857
Biofilm,0.464616418
Biofilm,0.023796025
Biofilm,0.570829484
Biofilm,0.122893063
Biofilm,0.413627321
Biofilm,0.10400615
Biofilm,0.317601086
Biofilm,0.292070315
Biofilm,0.204570408
Biofilm,0.102957393
Biofilm,0.39355868
Biofilm,0.207281006
Biofilm,0.049170428
Biofilm,0.588133588
Biofilm,0.253417288
Biofilm,0.723516021
Biofilm,0.006397694
Biofilm,0.522200086
Biofilm,0.180913596
Biofilm,0.016432463
Biofilm,0.085990343
Biofilm,0.326582791
Biofilm,0.370539972
Biofilm,0.059779947
Biofilm,0.523766176
Biofilm,0.039702446
Biofilm,0.608960811
Biofilm,0.099830971
Biofilm,0.067619133
Biofilm,0.694697492
Biofilm,0.038226064
Biofilm,0.062980193
Biofilm,0.115858293
Biofilm,0.249712675
Biofilm,0.107125299
Biofilm,0.198241721
Biofilm,0.00062097
Biofilm,0.240532196
Biofilm,0.292707219
Biofilm,0.501151848
Biofilm,0.737575224
Biofilm,0.143462347
Biofilm,0.050669864
Biofilm,0.82547915
Biofilm,0.006772738
Biofilm,0.168672361
Biofilm,0.425925974
Biofilm,0.361507036
Biofilm,0.070057564
Biofilm,0.524868634
Biofilm,0.468867912
Biofilm,0.0614905
Biofilm,0.044960804
Biofilm,0.097070987
Biofilm,0.522110028
Biofilm,0.261851181
Biofilm,0.429972838
Biofilm,0.051376763
Biofilm,0.116509672
Biofilm,0.016933842
Biofilm,0.725119624
Biofilm,0.328965183
Biofilm,0.120360197
Biofilm,0.123819692
Biofilm,0.034727367
Biofilm,0.131043902
Biofilm,0.614777478
Biofilm,0.481004452
Biofilm,0.540163613
Biofilm,0.268453881
Biofilm,0.030048229
Biofilm,0.035975277
Biofilm,0.478792778
Biofilm,0.036610705
Biofilm,0.071561248
Biofilm,0.005224182
Biofilm,0.034845605
Biofilm,0.183923363
Biofilm,0.236476671
Biofilm,0.666645267
Biofilm,0.04190296
Biofilm,0.081345182
Biofilm,0.784331475
Biofilm,0.458434681
Biofilm,0.011578433
Biofilm,0.517659088
Biofilm,0.215402791
Biofilm,0.20797806
Biofilm,0.0089355
Biofilm,0.24806822
Biofilm,0.68388656
Biofilm,0.451980466
Biofilm,0.008143786
Biofilm,0.152370418
Biofilm,0.205416442
Biofilm,0.718582518
Biofilm,0.090916492
Biofilm,0.052757183
Biofilm,0.580857614
Biofilm,0.504515119
Biofilm,0.559209436
Biofilm,0.622164658
Biofilm,0.111171013
Biofilm,0.315204078
Biofilm,0.24659561
Biofilm,0.004704451
Biofilm,0.569608638
Biofilm,0.375699444
Biofilm,0.599223586
Biofilm,0.168907256
Biofilm,0.25733341
Biofilm,0.180158408
Biofilm,0.198266654
Biofilm,0.697702146
Biofilm,0.34209553
Biofilm,0.07330664
Biofilm,0.636852872
Biofilm,0.358577184
Biofilm,0.691276853
Biofilm,0.081574581
Biofilm,0.193639399
Biofilm,0.04644409
Biofilm,0.555903791
Biofilm,0.104594674
Biofilm,0.562667539
Biofilm,0.280413282
Biofilm,0.352156196
Biofilm,0.160399747
Biofilm,0.195946233
Biofilm,0.040173939
Biofilm,0.091803439
Biofilm,0.162992365
Biofilm,0.018867774
Biofilm,0.054718161
Biofilm,0.079989408
Biofilm,0.408308078
Biofilm,0.278416737
Biofilm,0.025658428
Biofilm,0.096071923
Biofilm,0.234740959
Biofilm,0.054429442
Biofilm,0.101497599
Biofilm,0.210215152
Biofilm,0.076832403
Biofilm,0.084413896
Biofilm,0.308208238
Biofilm,0.300737247
Biofilm,0.503735267
Biofilm,0.136364194
Biofilm,0.53582385
Biofilm,0.191120892
Biofilm,0.297790602
Biofilm,0.204450196
Biofilm,0.181397972
Biofilm,0.025470193
Biofilm,0.100603181
Biofilm,0.509180672
Biofilm,0.13410236
Biofilm,0.583271488
Biofilm,0.205834883
Biofilm,0.270974783
Biofilm,0.023404155
Biofilm,0.303428428
Biofilm,0.301718953
Biofilm,0.201838676
Biofilm,0.128185023
Biofilm,0.018734763
Biofilm,0.462116242
Biofilm,0.089533818
Biofilm,0.267956116
Biofilm,0.068778571
Biofilm,0.140833496
Biofilm,0.423259509
Biofilm,0.196148997
Biofilm,0.700803892
Biofilm,0.096883603
Biofilm,0.619970792
Biofilm,0.264238791
Biofilm,0.126895562
Biofilm,0.559081778
Biofilm,0.249562945
Biofilm,0.293736751
Biofilm,0.002282978
Biofilm,0.06070214
Biofilm,0.909085014
Biofilm,0.312205532
Biofilm,0.216139979
Biofilm,0.355742888
Biofilm,0.179936722
Biofilm,0.047553709
Biofilm,0.547155152
Biofilm,0.11449011
Biofilm,0.362705462
Biofilm,0.099240197
Biofilm,0.008918279
Biofilm,0.138299834
Biofilm,0.438219942
Biofilm,0.086881199
Biofilm,0.012057095
Biofilm,0.029433197
Biofilm,0.196484762
Biofilm,0.327824158
Biofilm,0.125378001
Biofilm,0.004343224
Biofilm,0.641035447
Biofilm,0.535248052
Biofilm,0.055307035
Biofilm,0.246228636
Biofilm,0.15535303
Biofilm,0.16691237
Biofilm,0.898716198
Biofilm,0.449711825
Biofilm,0.29625415
Biofilm,0.328175141
Biofilm,0.175303904
Biofilm,0.060154153
Biofilm,0.317622344
Biofilm,0.541442839
Biofilm,0.440382625
Biofilm,0.182316077
Biofilm,0.372212346
Biofilm,0.352411882
Biofilm,0.499295094
Biofilm,0.018940757
Biofilm,0.588743055
Biofilm,0.152147242
Biofilm,0.028095124
Biofilm,0.199124779
Biofilm,0.111988292
Biofilm,0.032285623
Biofilm,0.492674498
Biofilm,0.141941457
Biofilm,0.437478382
Biofilm,0.112227277
Biofilm,0.011999201
Biofilm,0.565894224
Biofilm,0.456938929
Biofilm,0.053873699
Biofilm,0.749265338
Biofilm,0.624328268
Biofilm,0.392884547
Biofilm,0.10757879
Biofilm,0.066628955
Biofilm,0.492755204
Biofilm,0.197576092
Biofilm,0.410642621
Biofilm,0.276570494
Biofilm,0.044747667
Biofilm,0.269173604
Biofilm,0.122708318
Biofilm,0.100967517
Biofilm,0.170282465
Biofilm,0.542630558
Biofilm,0.216932818
Biofilm,0.249760909
Biofilm,0.704525865
Biofilm,0.224838141
Biofilm,0.116441498
Biofilm,0.372487285
Biofilm,0.114549695
Biofilm,0.332611743
Biofilm,0.470643546
Biofilm,0.228013768
Biofilm,0.00419111
Biofilm,0.657227688
Biofilm,0.146712492
Biofilm,0.036539961
Biofilm,0.242598498
Biofilm,0.692884261
Biofilm,0.438413645
Biofilm,0.234680436
Biofilm,0.604305347
Biofilm,0.064494016
Biofilm,0.112507275
Biofilm,0.273821515
Biofilm,0.416495487
Biofilm,0.332089655
Biofilm,0.515258002
Biofilm,0.469255242
Biofilm,0.073475783
Biofilm,0.008250631
Biofilm,0.12619836
Biofilm,0.266876391
Biofilm,0.868865965
Biofilm,0.204743413
Biofilm,0.008025429
Biofilm,0.011703385
Biofilm,0.100201676
Biofilm,0.322058119
Biofilm,0.132257283
Biofilm,0.202098537
Biofilm,0.411514367
Biofilm,0.222180298
Biofilm,0.246812514
Biofilm,0.015776769
Biofilm,0.656073712
Biofilm,0.244520623
Biofilm,0.03758097
Biofilm,0.168169021
Biofilm,0.054909641
Biofilm,0.239140792
Biofilm,0.033255923
Biofilm,0.032965275
Biofilm,0.562802855
Biofilm,0.270481304
Biofilm,0.009352231
Biofilm,0.1326598
Biofilm,0.152954764
Biofilm,0.170567692
Biofilm,0.483738986
Biofilm,0.083561213
Biofilm,0.16030579
Biofilm,0.223473473
Biofilm,0.026130452
Biofilm,0.441408116
Biofilm,0.071976824
Biofilm,0.23127114
Biofilm,0.043723895
Biofilm,0.100377794
Biofilm,0.324132794
Biofilm,0.481976448
Biofilm,0.138137355
Biofilm,0.858653375
Biofilm,0.253241978
Biofilm,0.129584883
Biofilm,0.541166963
Biofilm,0.53075545
Biofilm,0.12716215
Biofilm,0.317079431
Biofilm,0.212293759
Biofilm,0.073529351
Biofilm,0.333835186
Biofilm,0.084083625
Biofilm,0.190506638
Biofilm,0.192263654
Biofilm,0.156582454
Biofilm,0.087060928
Biofilm,0.128977983
Biofilm,0.636155067
Biofilm,0.095460431
Biofilm,0.102383567
Biofilm,0.331828354
Biofilm,0.655171875
Biofilm,0.09059169
Biofilm,0.112990802
Biofilm,0.182464087
Biofilm,0.862753807
Biofilm,0.025421708
Biofilm,0.30267813
Biofilm,0.153123342
Biofilm,0.377827096
Biofilm,0.195670713
Biofilm,0.409852148
Biofilm,0.138256886
Biofilm,0.146476969
Biofilm,0.409362413
Biofilm,0.122948635
Biofilm,0.073476255
Biofilm,0.094066666
Biofilm,0.122855838
Biofilm,0.424934116
Biofilm,0.161116595
Biofilm,0.070643203
Biofilm,0.210114717
Biofilm,0.111130418
Biofilm,0.472320205
Biofilm,0.700945827
Biofilm,0.178764841
Biofilm,0.595408281
Biofilm,0.584486446
Biofilm,0.082578922
Biofilm,0.392428246
Biofilm,6.40E-05
Biofilm,0.086358432
Biofilm,0.623026699
Biofilm,0.128025627
Biofilm,0.380117298
Biofilm,0.082415063
Biofilm,0.334750865
Biofilm,0.863572656
Biofilm,0.095699201
Biofilm,0.093099378
Biofilm,0.362157163
Biofilm,0.092076225
Biofilm,0.166648364
Biofilm,0.431296221
Biofilm,0.246774331
Biofilm,0.461905928
Biofilm,0.023830365
Biofilm,0.068727524
Biofilm,0.268484148
Biofilm,0.208231456
Biofilm,0.007208625
Biofilm,0.343613431
Biofilm,0.310779982
Biofilm,0.108433062
Biofilm,0.219351865
Biofilm,0.451253651
Biofilm,0.167496266
Biofilm,0.137109797
Biofilm,0.076402192
Biofilm,0.474592327
Biofilm,0.52279626
Biofilm,0.304890555
Biofilm,0.767460536
Biofilm,0.775452338
Biofilm,0.047461727
Biofilm,0.075517701
Biofilm,0.002024279
Biofilm,0.085084919
Biofilm,0.31629155
Biofilm,0.18527002
Biofilm,0.475787195
Biofilm,0.487154044
Biofilm,0.688257634
Biofilm,0.060922254
Biofilm,0.227879589
Biofilm,0.109347313
Biofilm,0.099834145
Biofilm,0.239661458
Biofilm,0.127187246
Biofilm,0.385797364
Biofilm,0.030359362
Biofilm,0.01887576
Biofilm,0.036824448
Biofilm,0.510652386
Biofilm,0.121810289
Biofilm,0.058459467
Biofilm,0.304437321
Biofilm,0.081716862
Biofilm,0.247953359
Biofilm,0.260001253
Biofilm,0.507989819
Biofilm,0.335537175
Biofilm,0.029691573
Biofilm,0.0880738
Biofilm,0.30960623
Biofilm,0.263585842
Biofilm,0.051089552
Biofilm,0.266579632
Biofilm,0.045921955
Biofilm,0.01843661
Biofilm,0.181380438
Biofilm,0.192275375
Biofilm,0.503595481
Biofilm,0.07083074
Biofilm,0.536252207
Biofilm,0.096194544
Biofilm,0.084864907
Biofilm,0.045664819
Biofilm,0.111427776
Biofilm,0.217574202
Biofilm,0.152796736
Biofilm,0.313113798
Biofilm,0.70617953
Biofilm,0.362235972
Biofilm,0.410117681
Biofilm,0.21301515
Biofilm,0.007967776
Biofilm,0.006307916
Biofilm,0.238257993
Biofilm,0.028723658
Biofilm,0.172077002
Biofilm,0.388836834
Biofilm,0.245918916
Biofilm,0.690919375
Biofilm,0.461124002
Biofilm,0.383589381
Biofilm,0.013058025
Biofilm,0.120803138
Biofilm,0.104703703
Biofilm,0.165076311
Biofilm,0.203306307
Biofilm,0.245767126
Biofilm,0.233509377
Biofilm,0.226251752
Biofilm,0.129666854
Biofilm,0.02246934
Biofilm,0.181026937
Biofilm,0.262029309
Biofilm,0.234896472
Biofilm,0.045200434
Biofilm,0.185646255
Biofilm,0.252559722
Biofilm,0.166116635
Biofilm,0.43229679
Biofilm,0.400562384
Biofilm,0.325917286
Biofilm,0.537037716
Biofilm,0.267616286
Biofilm,0.540070882
Biofilm,0.5865673
Biofilm,0.269616414
Biofilm,0.068511305
Biofilm,0.685092045
Biofilm,0.23241089
Biofilm,0.06056899
Biofilm,0.534450098
Biofilm,0.138636125
Biofilm,0.78442861
Biofilm,0.078422389
Biofilm,0.068783126
Biofilm,0.045520971
Biofilm,0.378887947
Biofilm,0.158797239
Biofilm,0.708808147
Biofilm,0.506421867
Biofilm,0.286848547
Biofilm,0.126802162
Biofilm,0.199388966
Biofilm,0.023384527
Biofilm,0.537536793
Biofilm,0.660253067
Biofilm,0.03402014
Biofilm,0.058570669
Biofilm,0.28727788
Biofilm,0.014658233
Biofilm,0.247541097
Biofilm,0.475951517
Biofilm,0.063524417
Biofilm,0.06694901
Biofilm,0.088270609
Biofilm,0.149730667
Biofilm,0.388265614
Biofilm,0.230185739
Biofilm,0.082714087
Biofilm,0.133120128
Biofilm,0.683682374
Biofilm,0.016353677
Biofilm,0.084058318
Biofilm,0.708411413
Biofilm,0.295443452
Biofilm,0.034997532
Biofilm,0.676385103
Biofilm,0.074584926
Biofilm,0.045834971
Biofilm,0.130493256
Biofilm,0.026753014
Biofilm,0.225890077
Biofilm,0.793080244
Biofilm,0.079100224
Biofilm,0.628452884
Biofilm,0.233217729
Biofilm,0.341097852
Biofilm,0.202970037
Biofilm,0.036169205
Biofilm,0.385291137
Biofilm,0.207276884
Biofilm,0.026215185
Biofilm,0.188159538
Biofilm,0.309387868
Biofilm,0.158181461
Biofilm,0.098909053
Biofilm,0.024093325
Biofilm,0.057560951
Biofilm,0.253884422
Biofilm,0.429419187
Biofilm,0.150120597
Biofilm,0.063362417
Biofilm,0.374291034
Biofilm,0.550920023
Biofilm,0.488659138
Biofilm,0.760629426
Biofilm,0.2748392
Biofilm,0.048217979
Biofilm,0.369844433
Biofilm,0.013924995
Biofilm,0.462149533
Biofilm,0.455330825
Biofilm,0.352448401
Biofilm,0.727731219
Biofilm,0.009214898
Biofilm,0.08931229
Biofilm,0.103659049
Biofilm,0.053513082
Biofilm,0.763132068
Biofilm,0.007573569
Biofilm,0.057889255
Biofilm,0.329281887
Biofilm,0.337256345
Biofilm,0.224822421
Biofilm,0.287920904
Biofilm,0.466757114
Biofilm,0.045004532
Biofilm,0.145090669
Biofilm,0.085112918
Biofilm,0.793739398
Biofilm,0.838649217
Biofilm,0.435863137
Biofilm,0.022696256
Biofilm,0.145661102
Biofilm,0.008083235
Biofilm,0.161674137
Biofilm,0.272051306
Biofilm,0.007465367
Biofilm,0.08365707
Biofilm,0.836086668
Biofilm,0.156695789
Biofilm,0.381851277
Biofilm,0.567855022
Biofilm,0.053557458
Biofilm,0.23362497
Biofilm,0.042296217
Biofilm,0.254551331
Biofilm,0.299020894
Biofilm,0.114510629
Biofilm,0.748986786
Biofilm,0.357376758
Biofilm,0.297196134
Biofilm,0.269638747
Biofilm,0.09342651
Biofilm,0.206001161
Biofilm,0.193812503
Biofilm,0.511378625
Biofilm,0.420324257
Biofilm,0.534090046
Biofilm,0.440038741
Biofilm,0.27168379
Biofilm,0.133739696
Biofilm,0.371567709
Biofilm,0.357605313
Biofilm,0.257257557
Biofilm,0.077761437
Biofilm,0.373882819
Biofilm,0.144755764
Biofilm,0.149183981
Biofilm,0.535345222
Biofilm,0.118394779
Biofilm,0.483738325
Biofilm,0.091503715
Biofilm,0.093240911
Biofilm,0.047248633
Biofilm,0.475816035
Biofilm,0.016683435
Biofilm,0.170769795
Biofilm,0.012453334
Biofilm,0.033468673
Biofilm,0.052330598
Biofilm,0.119110245
Biofilm,0.473386389
Biofilm,0.593525387
Biofilm,0.532974844
Biofilm,0.319600588
Biofilm,0.62667264
Biofilm,0.599332508
Biofilm,0.125423518
Biofilm,0.112865152
Biofilm,0.180892694
Biofilm,0.105688446
Biofilm,0.013931397
Biofilm,0.554735278
Biofilm,0.063434219
Biofilm,0.001297205
Biofilm,0.336361712
Biofilm,0.682691532
Biofilm,0.435459184
Biofilm,0.306442664
Biofilm,0.015350709
Biofilm,0.179089684
Biofilm,0.557764171
Biofilm,0.600475194
Biofilm,0.148523038
Biofilm,0.300646205
Biofilm,0.095792673
Biofilm,0.61525649
Biofilm,0.116755018
Biofilm,0.302022743
Biofilm,0.225518203
Biofilm,0.352538387
Biofilm,0.391426018
Biofilm,0.282622775
Biofilm,0.058993443
Biofilm,0.075201909
Biofilm,0.201481176
Biofilm,0.375291983
Biofilm,0.277329406
Biofilm,0.326917371
Biofilm,0.14863635
Biofilm,0.174963223
Biofilm,0.391689466
Biofilm,0.53788699
Biofilm,0.029213654
Biofilm,0.073471232
Biofilm,0.026806983
Biofilm,0.095730384
Biofilm,0.071686687
Biofilm,0.275741124
Biofilm,0.205611184
Biofilm,0.548123924
Biofilm,0.754102089
Biofilm,0.095327109
Biofilm,0.061163861
Biofilm,0.128586217
Biofilm,0.040034692
Biofilm,0.01032474
Biofilm,0.181583287
Biofilm,0.172487329
Biofilm,0.089404118
Biofilm,0.469415866
Biofilm,0.052694881
Biofilm,0.0921522
Biofilm,0.192834501
Biofilm,0.054061716
Biofilm,0.041556449
Biofilm,0.125319748
Biofilm,0.343755982
Biofilm,0.525758381
Biofilm,0.136609513
Biofilm,0.163712104
Biofilm,0.056790106
Biofilm,0.652019813
Biofilm,0.351819297
Biofilm,0.22879948
Biofilm,0.21610115
Biofilm,0.08666306
Biofilm,0.397563971
Biofilm,0.349788294
Biofilm,0.073105993
Biofilm,0.012716776
Biofilm,0.382561181
Biofilm,0.127132618
Biofilm,0.047884786
Biofilm,0.043416891
Biofilm,0.377177345
Biofilm,0.450487708
Biofilm,0.23186832
Biofilm,0.009557115
Biofilm,0.168691353
Biofilm,0.107883383
Biofilm,0.388551461
Biofilm,0.581634593
Biofilm,0.268614979
Biofilm,0.424231817
Biofilm,0.006849658
Biofilm,0.148914171
Biofilm,0.734780431
Biofilm,0.135578017
Biofilm,0.657317464
Biofilm,0.782382863
Biofilm,0.134606361
Biofilm,0.138070564
Biofilm,0.458378952
Biofilm,0.244494251
Biofilm,0.329211022
Biofilm,0.121711749
Biofilm,0.381233965
Biofilm,0.879015716
Biofilm,0.739951171
Biofilm,0.181874867
Biofilm,0.254255523
Biofilm,0.010043998
Biofilm,0.272484088
Biofilm,0.298399045
Biofilm,0.177538377
Biofilm,0.186723806
Biofilm,0.010532201
Biofilm,0.385696176
Biofilm,0.099491137
Biofilm,0.17572568
Biofilm,0.026043428
Biofilm,0.240964025
Biofilm,0.002148399
Biofilm,0.704939978
Biofilm,0.002534899
Biofilm,0.821349041
Biofilm,0.11426522
Biofilm,0.049392956
Biofilm,0.699550375
Biofilm,0.092509007
Biofilm,0.105553681
Biofilm,0.448558853
Biofilm,0.200262547
Biofilm,0.444566321
Biofilm,0.011769969
Biofilm,0.152784048
Biofilm,0.400499511
Biofilm,0.00813512
Biofilm,0.303837199
Biofilm,0.018346197
Biofilm,0.070136149
Biofilm,0.1601675
Biofilm,0.078711362
Biofilm,0.649905414
Biofilm,0.174488332
Biofilm,0.375474524
Biofilm,0.008163506
Biofilm,0.367616445
Biofilm,0.0115099
Biofilm,0.159576247
Biofilm,0.211546416
Biofilm,0.692722512
Biofilm,0.241583612
Biofilm,0.304276503
Biofilm,0.123534016
Biofilm,0.002893213
Biofilm,0.195869999
Biofilm,0.063667509
Biofilm,0.658262647
Biofilm,0.265665539
Biofilm,0.035002725
Biofilm,0.081420134
Biofilm,0.201876119
Biofilm,0.334318967
Biofilm,0.56254027
Biofilm,0.126839789
Biofilm,0.098271286
Biofilm,0.102446636
Biofilm,0.170680344
Biofilm,0.119953054
Biofilm,0.194347003
Biofilm,0.286408374
Biofilm,0.127150354
Biofilm,0.001413059
Biofilm,0.542902765
Biofilm,0.149326503
Biofilm,0.270270463
Biofilm,0.087580781
Biofilm,0.071711417
Biofilm,0.448076635
Biofilm,0.116999074
Biofilm,0.495760181
Biofilm,0.510065529
Biofilm,0.510783474
Biofilm,0.091018305
Biofilm,0.126455656
Biofilm,0.789961066
Biofilm,0.018425779
Biofilm,0.383571764
Biofilm,0.16578819
Biofilm,0.501697875
Biofilm,0.279569404
Biofilm,0.24563799
Biofilm,0.154753305
Biofilm,0.034395568
Biofilm,0.801970114
Biofilm,0.167804681
Biofilm,0.231690518
Biofilm,0.049400746
Biofilm,0.066486747
Biofilm,0.105540783
Biofilm,0.645180147
Biofilm,0.114161073
Biofilm,0.233551542
Biofilm,0.322513461
Biofilm,0.153477312
Biofilm,0.800290845
Biofilm,0.061846355
Biofilm,0.468395259
Biofilm,0.506046834
Biofilm,0.204668634
Biofilm,0.889330477
Biofilm,0.137233353
Biofilm,0.075394475
Biofilm,0.164972413
Biofilm,0.223428862
Biofilm,0.003597026
Biofilm,0.75754337
Biofilm,0.396635456
Biofilm,0.21095674
Biofilm,0.039123378
Biofilm,0.241079219
Biofilm,0.043057661
Biofilm,0.405874969
Biofilm,0.069202283
Biofilm,0.349463692
Biofilm,0.012493409
Biofilm,0.056051582
Biofilm,0.038932119
Biofilm,0.066949969
Biofilm,0.028946384
Biofilm,0.564163842
Biofilm,0.382421369
Biofilm,0.091640295
Biofilm,0.109300177
Biofilm,0.032709723
Biofilm,0.027779789
Biofilm,0.219196149
Biofilm,0.28510824
Biofilm,0.276352562
Biofilm,0.445475708
Biofilm,0.486994339
Biofilm,0.747710429
Biofilm,0.668174864
Biofilm,0.332331271
Biofilm,0.890405832
Biofilm,0.158579282
Biofilm,0.393977898
Biofilm,0.353800616
Biofilm,0.020066312
Biofilm,0.253283153
Biofilm,0.468732232
Biofilm,0.006313821
Biofilm,0.114092899
Biofilm,0.103084738
Biofilm,0.247000851
Biofilm,0.269198286
Biofilm,0.527094534
Biofilm,0.697234332
Biofilm,0.096587094
Biofilm,0.570171312
Biofilm,0.081183551
Biofilm,0.073895982
Biofilm,0.255507057
Biofilm,0.081554551
Biofilm,0.027298962
Biofilm,0.606690236
Biofilm,0.003673088
Biofilm,0.149413672
Biofilm,0.378368865
Biofilm,0.410165447
Biofilm,0.010260597
Biofilm,0.17253412
Biofilm,0.045793134
Biofilm,0.005267896
Biofilm,0.777115828
Biofilm,0.001035651
Biofilm,0.140210315
Biofilm,0.014028389
Biofilm,0.416146608
Biofilm,0.018339076
Biofilm,0.630157184
Biofilm,0.11375376
Biofilm,0.311825389
Biofilm,0.546881513
Biofilm,0.117928272
Biofilm,0.061522189
Biofilm,0.195290401
Biofilm,0.312648478
Biofilm,0.086331321
Biofilm,0.273630567
Biofilm,0.14334871
Biofilm,0.216792955
Biofilm,0.206866024
Biofilm,0.391592844
Biofilm,0.187315787
Biofilm,0.374851841
Biofilm,0.16969105
Biofilm,0.383244757
Biofilm,0.168070394
Biofilm,0.055636238
Biofilm,0.012963084
Biofilm,0.166686333
Biofilm,0.01342269
Biofilm,0.506183216
Biofilm,0.441123606
Biofilm,0.634312238
Biofilm,0.368293199
Biofilm,0.068324468
Biofilm,0.154017896
Biofilm,0.027980313
Biofilm,0.592146506
Biofilm,0.569496016
Biofilm,0.291311019
Biofilm,0.570651996
Biofilm,0.904049597
Biofilm,0.404383628
Biofilm,0.340768153
Biofilm,0.818929358
Biofilm,0.189904611
Biofilm,0.776574092
Biofilm,0.30546437
Biofilm,0.60587976
Biofilm,0.606238735
Biofilm,0.497731066
Biofilm,0.249275602
Biofilm,0.335683476
Biofilm,0.389834485
Biofilm,0.010786577
Biofilm,0.438344583
Biofilm,0.07704702
Biofilm,0.19100739
Biofilm,0.103012414
Biofilm,0.457473092
Biofilm,0.694637267
Biofilm,0.174380447
Biofilm,0.326524711
Biofilm,0.016319767
Biofilm,0.019144781
Biofilm,0.182578785
Biofilm,0.024747158
Biofilm,0.148061962
Biofilm,0.065748211
Biofilm,0.585191249
Biofilm,0.201112894
Biofilm,0.060845416
Biofilm,0.061513734
Biofilm,0.144117188
Biofilm,0.098614044
Biofilm,0.473892675
Biofilm,0.344152316
Biofilm,0.095111267
Biofilm,0.232176686
Biofilm,0.260646823
Biofilm,0.276871927
Biofilm,0.569120895
Biofilm,0.025522066
Biofilm,0.089269627
Biofilm,0.019533521
Biofilm,0.147285534
Biofilm,0.006554734
Biofilm,0.240265602
Biofilm,0.048362533
Biofilm,0.237912287
Biofilm,0.310477312
Biofilm,0.683674892
Biofilm,0.321663023
Biofilm,0.15695488
Biofilm,0.72543101
Biofilm,0.162978634
Biofilm,0.520300748
Biofilm,0.701349205
Biofilm,0.076593421
Biofilm,0.062808472
Biofilm,0.764735992
Biofilm,0.136901727
Biofilm,0.334464113
Biofilm,0.499129497
Biofilm,0.418030094
Biofilm,0.613613369
Biofilm,0.223517304
Biofilm,0.125614102
Biofilm,0.415728514
Biofilm,0.410567945
Biofilm,0.013059423
Biofilm,0.105036231
Biofilm,0.479437657
Biofilm,0.187756373
Biofilm,0.120225399
Biofilm,0.016276024
Biofilm,0.254773601
Biofilm,0.152337105
Biofilm,0.357594167
Biofilm,0.292273717
Biofilm,0.138621138
Biofilm,0.091466685
Biofilm,0.753104619
Biofilm,0.317356926
Biofilm,0.010620892
Biofilm,0.435681814
Biofilm,0.869933859
Biofilm,0.840310972
Biofilm,0.658196992
Biofilm,0.114617204
Biofilm,0.030495706
Biofilm,0.026697319
Biofilm,0.101384194
Biofilm,0.062553292
Biofilm,0.003117541
Biofilm,0.023581797
Biofilm,0.069960295
Biofilm,0.038698262
Biofilm,0.11688234
Biofilm,0.271702334
Biofilm,0.272288718
Biofilm,0.001652329
Biofilm,0.219197324
Biofilm,0.20483859
Biofilm,0.155494426
Biofilm,0.178409593
Biofilm,0.198618315
Biofilm,0.141872318
Biofilm,0.07567308
Biofilm,0.181836105
Biofilm,0.118096023
Biofilm,0.011144165
Biofilm,0.673058818
Biofilm,0.310292023
Biofilm,0.492710841
Biofilm,0.520113064
Biofilm,0.094706265
Biofilm,0.152793519
Biofilm,0.069464193
Biofilm,0.177297548
Biofilm,0.342386237
Biofilm,0.204089705
Biofilm,0.036531693
Biofilm,0.040980166
Biofilm,0.178724544
Biofilm,0.290826134
Biofilm,0.143045485
Biofilm,0.125246477
Biofilm,0.430640988
Biofilm,0.319550702
Biofilm,0.107952697
Biofilm,0.052320791
Biofilm,0.145224434
Biofilm,0.019309759
Biofilm,0.349981713
Biofilm,0.870760263
Biofilm,0.216375153
Biofilm,0.036014223
Biofilm,0.064227227
Biofilm,0.187703284
Biofilm,0.273756443
Biofilm,0.637961191
Biofilm,0.253701
Biofilm,0.022565831
Biofilm,0.65016489
Biofilm,0.412186591
Biofilm,0.436762003
Biofilm,0.072623378
Biofilm,0.016933024
Biofilm,0.609065054
Biofilm,0.118248638
Biofilm,0.185625902
Biofilm,0.095061443
Biofilm,0.119772423
Biofilm,0.674827301
Biofilm,0.621332134
Biofilm,0.046706805
Biofilm,0.268322044
Biofilm,0.553840912
Biofilm,0.216744283
Biofilm,0.322768524
Biofilm,0.31229244
Biofilm,0.158502588
Biofilm,0.003613424
Biofilm,0.073541494
Biofilm,0.109897033
Biofilm,0.522030115
Biofilm,0.251763978
Biofilm,0.54479936
Biofilm,0.188593562
Biofilm,0.053326764
Biofilm,0.016384654
Biofilm,0.122356148
Biofilm,0.289772735
Biofilm,0.02183985
Biofilm,0.017075317
Biofilm,0.137392075
Biofilm,0.005952419
Biofilm,0.258805037
Biofilm,0.094713276
Biofilm,0.069477903
Biofilm,0.117509399
Biofilm,0.177264159
Biofilm,0.175173336
Biofilm,0.885113605
Biofilm,0.289090824
Biofilm,0.020808307
Biofilm,0.28689556
Biofilm,0.179907191
Biofilm,0.019716715
Biofilm,0.171245976
Biofilm,0.132859451
Biofilm,0.085408249
Biofilm,0.441210733
Biofilm,0.150889255
Biofilm,0.518518769
Biofilm,0.164487231
Biofilm,0.037812005
Biofilm,0.632260555
Biofilm,0.199665937
Biofilm,0.174496054
Biofilm,0.007170977
Biofilm,0.02121828
Biofilm,0.628437563
Biofilm,0.277841004
Biofilm,0.768716995
Biofilm,0.166126086
Biofilm,0.314632925
Biofilm,0.000297731
Biofilm,0.135081444
Biofilm,0.048128938
Biofilm,0.157818878
Biofilm,0.258938651
Biofilm,0.092978784
Biofilm,0.060030782
Biofilm,0.720922976
Biofilm,0.254849319
Biofilm,0.084534594
Biofilm,0.205962061
Biofilm,0.338220635
Biofilm,0.143497755
Biofilm,0.617752874
Biofilm,0.045270939
Biofilm,0.307108944
Biofilm,0.41734095
Biofilm,0.371190211
Biofilm,0.428183846
Biofilm,0.532736176
Biofilm,0.063255984
Biofilm,0.104976577
Biofilm,0.516063802
Biofilm,0.275172744
Biofilm,0.032942141
Biofilm,0.218765166
Biofilm,0.211791241
Biofilm,0.137182921
Biofilm,0.514448496
Biofilm,0.383075327
Biofilm,0.187983623
Biofilm,0.322569226
Biofilm,0.065692405
Biofilm,0.290421639
Biofilm,0.120022988
Biofilm,0.426098521
Biofilm,0.055268085
Biofilm,0.387373283
Biofilm,0.057634291
Biofilm,0.815786947
Biofilm,0.248740357
Biofilm,0.304333338
Biofilm,0.198200672
Biofilm,0.115073486
Biofilm,0.041181332
Biofilm,0.038551378
Biofilm,0.198108053
Biofilm,0.548778653
Biofilm,0.611084418
Biofilm,0.380858254
Biofilm,0.27020933
Biofilm,0.061929243
Biofilm,0.545895573
Biofilm,0.012130426
Biofilm,0.019864294
Biofilm,0.404491717
Biofilm,0.703890586
Biofilm,0.413542512
Biofilm,0.007427956
Biofilm,0.049143073
Biofilm,0.026150311
Biofilm,0.25978676
Biofilm,0.354231899
Biofilm,0.033091014
Biofilm,0.198852169
Biofilm,0.266066147
Biofilm,0.288742987
Biofilm,0.061344731
Biofilm,0.200616879
Biofilm,0.03900343
Biofilm,0.427039163
Biofilm,0.168500688
Biofilm,0.116641773
Biofilm,0.187900495
Biofilm,0.021116256
Biofilm,0.097412865
Biofilm,0.351628933
Biofilm,0.410710144
Biofilm,0.188591703
Biofilm,0.529419255
Biofilm,0.072524246
Biofilm,0.142939426
Biofilm,0.20589234
Biofilm,0.128484566
Biofilm,0.154122255
Biofilm,0.014844098
Biofilm,0.07686722
Biofilm,0.052975038
Biofilm,0.28944463
Biofilm,0.049517643
Biofilm,0.062305924
Biofilm,0.613910424
Biofilm,0.201489468
Biofilm,0.200881866
Biofilm,0.285227644
Biofilm,0.037994641
Biofilm,0.046290599
Biofilm,0.576953697
Biofilm,0.588041952
Biofilm,0.560362242
Biofilm,0.016745462
Biofilm,0.231522283
Biofilm,0.235353558
Biofilm,0.38602014
Biofilm,0.4232839
Biofilm,0.242314987
Biofilm,0.043094122
Biofilm,0.378654174
Biofilm,0.191134157
Biofilm,0.233472977
Biofilm,0.074764588
Biofilm,0.174543283
Biofilm,0.30248285
Biofilm,0.361861128
Biofilm,0.301951973
Biofilm,0.228125104
Biofilm,0.015211108
Biofilm,0.039758376
Biofilm,0.075668735
Biofilm,0.463530324
Biofilm,0.212720291
Biofilm,0.13800677
Biofilm,0.144299498
Biofilm,0.205410728
Biofilm,0.127328115
Biofilm,0.129033643
Biofilm,0.304276195
Biofilm,0.395950639
Biofilm,0.061064528
Biofilm,0.517294667
Biofilm,0.14489997
Biofilm,0.267021773
Biofilm,0.033854881
Biofilm,0.129816549
Biofilm,0.138784664
Biofilm,0.173506014
Biofilm,0.337888443
Biofilm,0.870608553
Biofilm,0.443217603
Biofilm,0.123599596
Biofilm,0.090801225
Biofilm,0.210551205
Biofilm,0.319966005
Biofilm,0.050770981
Biofilm,0.403457002
Biofilm,0.178541172
Biofilm,0.183022358
Biofilm,0.006074167
Biofilm,0.364741219
Biofilm,0.247971009
Biofilm,0.588441294
Biofilm,0.419762149
Biofilm,0.033726972
Biofilm,0.107185075
Biofilm,0.000835407
Biofilm,0.012899476
Biofilm,0.652335755
Biofilm,0.122774986
Biofilm,0.128143008
Biofilm,0.17613937
Biofilm,0.018925671
Biofilm,0.136485271
Biofilm,0.401967628
Biofilm,0.143325963
Biofilm,0.063093688
Biofilm,0.294119716
Biofilm,0.127075067
Biofilm,0.104658543
Biofilm,0.380178549
Biofilm,0.489814405
Biofilm,0.108220433
Biofilm,0.745901297
Biofilm,0.210866978
Biofilm,0.307638626
Biofilm,0.840675249
Biofilm,0.006041755
Biofilm,0.330078977
Biofilm,0.108006599
Biofilm,0.205529959
Biofilm,0.071118563
Biofilm,0.294160292
Biofilm,0.065723969
Biofilm,0.01794638
Biofilm,0.423826035
Biofilm,0.480579376
Biofilm,0.481328255
Biofilm,0.20504738
Biofilm,0.267793394
Biofilm,0.026240074
Biofilm,0.029193238
Biofilm,0.273293381
Biofilm,0.285755883
Biofilm,0.245483871
Biofilm,0.275073178
Biofilm,0.038849803
Biofilm,0.529299871
Biofilm,0.139713727
Biofilm,0.072979313
Biofilm,0.725986866
Biofilm,0.772336878
Biofilm,0.212819798
Biofilm,0.188267736
Biofilm,0.611375902
Biofilm,0.143310427
Biofilm,0.055460279
Biofilm,0.424797808
Biofilm,0.255140976
Biofilm,0.154478375
Biofilm,0.52970301
Biofilm,0.273302748
Biofilm,0.529379121
Biofilm,0.166647446
Biofilm,0.031327025
Biofilm,0.228612547
Biofilm,0.340889724
Biofilm,0.015813465
Biofilm,0.074704835
Biofilm,0.262592013
Biofilm,0.035883854
Biofilm,0.233715693
Biofilm,0.174549951
Biofilm,0.279199981
Biofilm,0.183902878
Biofilm,0.206788714
Biofilm,0.367255554
Biofilm,0.371232644
Biofilm,0.389717663
Biofilm,0.065348846
Biofilm,0.017132483
Biofilm,0.465392464
Biofilm,0.009454423
Biofilm,0.233064261
Biofilm,0.04546682
Biofilm,0.275367931
Biofilm,0.284832262
Biofilm,0.127765685
Biofilm,0.38487317
Biofilm,0.176350149
Biofilm,0.291515987
Biofilm,0.523956761
Biofilm,0.15393762
Biofilm,0.06635257
Biofilm,0.168918653
Biofilm,0.309386808
Biofilm,0.187840742
Biofilm,0.150151497
Biofilm,0.047093508
Biofilm,0.818236679
Biofilm,0.028528846
Biofilm,0.333116186
Biofilm,0.189111977
Biofilm,0.230242366
Biofilm,0.039808647
Biofilm,0.104904516
Biofilm,0.008539422
Biofilm,0.375015887
Biofilm,0.421766637
Biofilm,0.291841056
Biofilm,0.446237093
Biofilm,0.06989532
Biofilm,0.364895875
Biofilm,0.753254635
Biofilm,0.022084336
Biofilm,0.607809507
Biofilm,0.556189356
Biofilm,0.010004294
Biofilm,0.043983614
Biofilm,0.43761517
Biofilm,0.607837049
Biofilm,0.102840698
Biofilm,0.420956398
Biofilm,0.002663398
Biofilm,0.720364507
Biofilm,0.074521066
Biofilm,0.133700732
Biofilm,0.176927533
Biofilm,0.050520613
Biofilm,0.181472708
Biofilm,0.003571711
Biofilm,0.092985091
Biofilm,0.026938962
Biofilm,0.147008086
Biofilm,0.777372824
Biofilm,0.122783366
Biofilm,0.379908761
Biofilm,0.175222702
Biofilm,0.520549088
Biofilm,0.094353524
Biofilm,0.621384195
Biofilm,0.078361075
Biofilm,0.013617181
Biofilm,0.232986753
Biofilm,0.13228619
Biofilm,0.190948794
Biofilm,0.07164484
Biofilm,0.689184508
Biofilm,0.017816413
Biofilm,0.181661095
Biofilm,0.490862418
Biofilm,0.54598536
Biofilm,0.414564428
Biofilm,0.306019831
Biofilm,0.106650299
Biofilm,0.261360083
Biofilm,0.11301043
Biofilm,0.482315607
Biofilm,0.326848062
Biofilm,0.232659341
Biofilm,0.171379472
Biofilm,0.243294506
Biofilm,0.311856806
Biofilm,0.613606064
Biofilm,0.120203839
Biofilm,0.095646475
Biofilm,0.439983383
Biofilm,0.224853269
Biofilm,0.123400563
Biofilm,0.12968002
Biofilm,0.161117322
Biofilm,0.333451317
Biofilm,0.309774739
Biofilm,0.201272074
Biofilm,0.00596196
Biofilm,0.185774335
Biofilm,0.104560932
Biofilm,0.061024543
Biofilm,0.148223529
Biofilm,0.119226236
Biofilm,0.227112067
Biofilm,0.326522257
Biofilm,0.303562257
Biofilm,0.342464209
Biofilm,0.193787841
Biofilm,0.262075558
Biofilm,0.096314183
Biofilm,0.574425352
Biofilm,0.132538514
Biofilm,0.779167801
Biofilm,0.469344736
Biofilm,0.551518247
Biofilm,0.158589844
Biofilm,0.408235882
Biofilm,0.082088383
Biofilm,0.081708541
Biofilm,0.004425694
Biofilm,0.196101855
Biofilm,0.248112904
Biofilm,0.110179779
Biofilm,0.236405139
Biofilm,0.212196791
Biofilm,0.107023395
Biofilm,0.282772597
Biofilm,0.054093085
Biofilm,0.594724227
Biofilm,0.226301019
Biofilm,0.268078174
Biofilm,0.263830626
Biofilm,0.021241347
Biofilm,0.086536385
Biofilm,0.18169005
Biofilm,0.095393942
Biofilm,0.203440194
Biofilm,0.093761482
Biofilm,0.43628187
Biofilm,0.07369445
Biofilm,0.130682996
Biofilm,0.069790331
Biofilm,0.018553668
Biofilm,0.09050731
Biofilm,0.045383727
Biofilm,0.155412228
Biofilm,0.232215294
Biofilm,0.424941764
Biofilm,0.055705642
Biofilm,0.023794986
Biofilm,0.897712082
Biofilm,0.042757639
Biofilm,0.549666725
Biofilm,0.938021798
Biofilm,0.107742055
Biofilm,0.063360125
Biofilm,0.20051957
Biofilm,0.361689958
Biofilm,0.057255581
Biofilm,0.499866681
Biofilm,0.07504018
Biofilm,0.792110857
Biofilm,0.736370666
Biofilm,0.260280278
Biofilm,0.247471964
Biofilm,0.054642905
Biofilm,0.48714694
Biofilm,0.183898461
Biofilm,0.135433735
Biofilm,0.325335437
Biofilm,0.572481512
Biofilm,0.029598191
Biofilm,0.034593382
Biofilm,0.182576537
Biofilm,0.02264829
Biofilm,0.186209552
Biofilm,0.042623296
Biofilm,0.185500459
Biofilm,0.355767223
Biofilm,0.205905674
Biofilm,0.214729182
Biofilm,0.19165871
Biofilm,0.129108457
Biofilm,0.201606503
Biofilm,0.126702425
Biofilm,0.202009644
Biofilm,0.204823703
Biofilm,0.520321113
Biofilm,0.160696734
Biofilm,0.26432687
Biofilm,0.075781527
Biofilm,0.108592893
Biofilm,0.326014733
Biofilm,0.278447527
Biofilm,0.352940472
Biofilm,0.006965754
Biofilm,0.197380528
Biofilm,0.239769136
Biofilm,0.056746385
Biofilm,0.463657324
Biofilm,0.561925731
Biofilm,0.019033416
Biofilm,0.566674893
Biofilm,0.470713574
Biofilm,0.141947696
Biofilm,0.039967759
Biofilm,0.136712899
Biofilm,0.027676037
Biofilm,0.394871367
Biofilm,0.369583282
Biofilm,0.278207736
Biofilm,0.045437572
Biofilm,0.075158372
Biofilm,0.071640645
Biofilm,0.052958278
Biofilm,0.140976081
Biofilm,0.149224092
Biofilm,0.589562496
Biofilm,0.441474459
Biofilm,0.142591607
Biofilm,0.630664023
Biofilm,0.022219334
Biofilm,0.0689635
Biofilm,0.275356333
Biofilm,0.030355258
Biofilm,0.440897731
Biofilm,0.123449968
Biofilm,0.014921576
Biofilm,0.698047788
Biofilm,0.032190889
Biofilm,0.111509244
Biofilm,0.083729853
Biofilm,0.007637963
Biofilm,0.295970602
Biofilm,0.362401354
Biofilm,0.079739077
Biofilm,0.682552717
Biofilm,0.001569605
Biofilm,0.564708292
Biofilm,0.272714836
Biofilm,0.418059854
Biofilm,0.202440152
Biofilm,0.131409364
Biofilm,0.571235479
Biofilm,0.087972649
Biofilm,0.031558864
Biofilm,0.096289669
Biofilm,0.527254573
Biofilm,0.108975341
Biofilm,0.113847406
Biofilm,0.258678344
Biofilm,0.819331881
Biofilm,0.622268927
Biofilm,0.441962361
Biofilm,0.454021049
Biofilm,0.183216389
Biofilm,0.065396359
Biofilm,0.220887737
Biofilm,0.075318767
Biofilm,0.019585182
Biofilm,0.514565994
Biofilm,0.273200601
Biofilm,0.181755237
Biofilm,0.417527913
Biofilm,0.018118948
Biofilm,0.210428737
Biofilm,0.571055117
Biofilm,0.222659575
Biofilm,0.16881201
Biofilm,0.437415077
Biofilm,0.19072585
Biofilm,0.110395451
Biofilm,0.407976615
Biofilm,0.578078846
Biofilm,0.03104588
Biofilm,0.29582068
Biofilm,0.021873876
Biofilm,0.241974608
Biofilm,0.200354615
Biofilm,0.006818832
Biofilm,0.097512706
Biofilm,0.529562428
Biofilm,0.111053905
Biofilm,0.447216897
Biofilm,0.563882975
Biofilm,0.786737057
Biofilm,0.457502762
Biofilm,0.364828721
Biofilm,0.037756711
Biofilm,0.514884788
Biofilm,0.070774662
Biofilm,0.745158729
Biofilm,0.090238729
Biofilm,0.569530446
Biofilm,0.034213948
Biofilm,0.000244703
Biofilm,0.213748905
Biofilm,0.182601603
Biofilm,0.605359656
Biofilm,0.067209884
Biofilm,0.207838698
Biofilm,0.138205668
Biofilm,0.106910795
Biofilm,0.069692173
Biofilm,0.860837079
Biofilm,0.607973328
Biofilm,0.028083046
Biofilm,0.145239237
Biofilm,0.004204854
Biofilm,0.071452941
Biofilm,0.284401882
Biofilm,0.047686496
Biofilm,0.397637935
Biofilm,0.170160035
Biofilm,0.098919438
Biofilm,0.039906468
Biofilm,0.151662002
Biofilm,0.136822085
Biofilm,0.143209035
Biofilm,0.064516397
Biofilm,0.799708708
Biofilm,0.105409918
Biofilm,0.130277108
Biofilm,0.091014039
Biofilm,0.451250286
Biofilm,0.226372681
Biofilm,0.003458213
Biofilm,0.046460223
Biofilm,0.006554045
Biofilm,0.390367008
Biofilm,0.195967205
Biofilm,0.087209512
Biofilm,0.556184507
Biofilm,0.100296326
Biofilm,0.813170673
Biofilm,0.147088482
Biofilm,0.699300823
Biofilm,0.300904865
Biofilm,0.144242584
Biofilm,0.486323287
Biofilm,0.480997656
Biofilm,0.304908625
Biofilm,0.24431246
Biofilm,0.124290519
Biofilm,0.424033813
Biofilm,0.215920207
Biofilm,0.367717476
Biofilm,0.677867287
Biofilm,0.32840987
Biofilm,0.229347331
Biofilm,0.325124135
Biofilm,0.657280906
Biofilm,0.462648236
Biofilm,0.35064114
Biofilm,0.38167339
Biofilm,0.311911157
Biofilm,0.306913566
Biofilm,0.146186689
Biofilm,0.443053941
Biofilm,0.548073024
Biofilm,0.361501127
Biofilm,0.007220444
Biofilm,0.017557063
Biofilm,0.535297439
Biofilm,0.28623361
Biofilm,0.46111729
Biofilm,0.401721646
Biofilm,0.382955374
Biofilm,0.058047534
Biofilm,0.610590589
Biofilm,0.378692393
Biofilm,0.313596114
Biofilm,0.453510231
Biofilm,0.477375889
Biofilm,0.376149031
Biofilm,0.861634143
Biofilm,0.226578362
Biofilm,0.245285561
Biofilm,0.227095997
Biofilm,0.569059177
Biofilm,0.222657854
Biofilm,0.310990364
Biofilm,0.588226114
Biofilm,0.258254547
Biofilm,0.690613467
Biofilm,0.034087267
Biofilm,0.221336877
Biofilm,0.179624897
Biofilm,0.403580459
Biofilm,0.718239072
Biofilm,0.093341783
Biofilm,0.140617436
Biofilm,0.571350525
Biofilm,0.003411473
Biofilm,0.014853399
Biofilm,0.21860306
Biofilm,0.341577625
Biofilm,0.057202795
Biofilm,0.130151454
Biofilm,0.048412054
Biofilm,0.043112263
Biofilm,0.038992669
Biofilm,0.007742073
Biofilm,0.189512795
Biofilm,0.817703023
Biofilm,0.313976153
Biofilm,0.336891276
Biofilm,0.263302827
Biofilm,0.067486486
Biofilm,0.023468573
Biofilm,0.176550786
Biofilm,0.108556391
Biofilm,0.536907726
Biofilm,0.314104786
Biofilm,0.169657391
Biofilm,0.421886585
Biofilm,0.567056154
Biofilm,0.247789368
Biofilm,0.870590559
Biofilm,0.117010476
Biofilm,0.019182886
Biofilm,0.387183819
Biofilm,0.212185471
Biofilm,0.086470896
Biofilm,0.733156751
Biofilm,0.017848331
Biofilm,0.025488281
Biofilm,0.006320325
Biofilm,0.214530279
Biofilm,0.809261005
Biofilm,0.205823168
Biofilm,0.451410613
Biofilm,0.51025039
Biofilm,0.20448887
Biofilm,0.111030999
Biofilm,0.138246999
Biofilm,0.685973525
Biofilm,0.142555201
Biofilm,0.508726857
Biofilm,0.256982964
Biofilm,0.090775199
Biofilm,0.034766452
Biofilm,0.047475502
Biofilm,0.067405972
Biofilm,0.198537857
Biofilm,0.236021184
Biofilm,0.126143572
Biofilm,0.107283286
Biofilm,0.166644111
Biofilm,0.229424862
Biofilm,0.207960111
Biofilm,0.130886283
Biofilm,0.049714406
Biofilm,0.54181992
Biofilm,0.53977642
Biofilm,0.231398628
Biofilm,0.350259672
Biofilm,0.15051869
Biofilm,0.103810699
Biofilm,0.091687712
Biofilm,0.061411292
Biofilm,0.10709336
Biofilm,0.245508065
Biofilm,0.026310949
Biofilm,0.11391753
Biofilm,0.171427525
Biofilm,0.37262785
Biofilm,0.150591318
Biofilm,0.075519502
Biofilm,0.845786127
Biofilm,0.158136375
Biofilm,0.465119723
Biofilm,0.094946757
Biofilm,0.174404953
Biofilm,0.460164161
Biofilm,0.681609626
Biofilm,0.357564452
Biofilm,0.11317098
Biofilm,0.683003607
Biofilm,0.00354133
Biofilm,0.037140072
Biofilm,0.441622836
Biofilm,0.001989333
Biofilm,0.191160098
Biofilm,0.124475692
Biofilm,0.190912855
Biofilm,0.536733595
Biofilm,0.182116202
Biofilm,0.370529447
Biofilm,0.412053168
Biofilm,0.181224838
Biofilm,0.033181546
Biofilm,0.060333373
Biofilm,0.500644992
Biofilm,0.317503459
Biofilm,0.439124901
Biofilm,0.421869243
Biofilm,0.106812018
Biofilm,0.47148234
Biofilm,0.244587463
Biofilm,0.075543533
Biofilm,0.095335277
Biofilm,0.427995913
Biofilm,0.538876257
Biofilm,0.348720725
Biofilm,0.357523678
Biofilm,0.122614466
Biofilm,0.08045053
Biofilm,0.033447143
Biofilm,0.284134578
Biofilm,0.220350973
Biofilm,0.018263722
Biofilm,0.467991784
Biofilm,0.554968178
Biofilm,0.891969611
Biofilm,0.146230736
Biofilm,0.1759228
Biofilm,0.299322034
Biofilm,0.524563909
Biofilm,0.72510387
Biofilm,0.084876352
Biofilm,0.187167966
Biofilm,0.537631068
Biofilm,0.077682099
Biofilm,0.048064256
Biofilm,0.023975845
Biofilm,0.911310709
Biofilm,0.284699524
Biofilm,0.042725033
Biofilm,0.246190562
Biofilm,0.129794199
Biofilm,0.589658586
Biofilm,0.534712269
Biofilm,0.124877068
Biofilm,0.013304807
Biofilm,0.471696342
Biofilm,0.409070689
Biofilm,0.029948695
Biofilm,0.110449068
Biofilm,0.003231371
Biofilm,0.206303283
Biofilm,0.498044558
Biofilm,0.064829232
Biofilm,0.3696482
Biofilm,0.48807028
Biofilm,0.009512279
Biofilm,0.001391085
Biofilm,0.442975215
Biofilm,0.078241096
Biofilm,0.022498424
Biofilm,0.143766305
Biofilm,0.596568298
Biofilm,0.151027401
Biofilm,0.630435278
Biofilm,0.264530664
Biofilm,0.367577839
Biofilm,0.110617396
Biofilm,0.031091574
Biofilm,0.155018711
Biofilm,0.183781007
Biofilm,0.195569084
Biofilm,0.008646831
Biofilm,0.421877047
Biofilm,0.420604147
Biofilm,0.05303443
Biofilm,0.178188413
Biofilm,0.179233636
Biofilm,0.085150652
Biofilm,0.189686168
Biofilm,0.597912607
Biofilm,0.106153981
Biofilm,0.504102664
Biofilm,0.192454959
Biofilm,0.337460049
Biofilm,0.111879212
Biofilm,0.119408651
Biofilm,0.496886844
Biofilm,0.236053413
Biofilm,0.170553224
Biofilm,0.309180509
Biofilm,0.102782827
Biofilm,0.139530932
Biofilm,0.088338314
Biofilm,0.426279525
Biofilm,0.228521119
Biofilm,0.105714044
Biofilm,0.186267575
Biofilm,0.186325858
Biofilm,0.048233572
Biofilm,0.00518783
Biofilm,0.079733105
Biofilm,0.612145004
Biofilm,0.120030063
Biofilm,0.790236411
Biofilm,0.500866136
Biofilm,0.265346056
Biofilm,0.021573392
Biofilm,0.360210611
Biofilm,0.502815251
Biofilm,0.001907722
Biofilm,0.054245569
Biofilm,0.352114812
Biofilm,0.321410709
Biofilm,0.420924134
Biofilm,0.277887903
Biofilm,0.058332962
Biofilm,0.031837857
Biofilm,0.031453613
Biofilm,0.24247808
Biofilm,0.271603893
Biofilm,0.541791101
Biofilm,0.530831155
Biofilm,0.412555262
Biofilm,0.26101476
Biofilm,0.03092568
Biofilm,0.345639106
Biofilm,0.232843289
Biofilm,0.206808674
Biofilm,0.19277633
Biofilm,0.336928548
Biofilm,0.062574118
Biofilm,0.02708107
Biofilm,0.08479867
Biofilm,0.196727983
Biofilm,0.480768951
Biofilm,0.420378357
Biofilm,0.118458115
Biofilm,0.478604157
Biofilm,0.117289371
Biofilm,0.709707693
Biofilm,0.022481041
Biofilm,0.330901753
Biofilm,0.322117952
Biofilm,0.109158701
Biofilm,0.037203308
Biofilm,0.152794533
Biofilm,0.005584515
Biofilm,0.195268911
Biofilm,0.379265025
Biofilm,0.34517521
Biofilm,0.586757163
Biofilm,0.334234407
Biofilm,0.143226751
Biofilm,0.131302116
Biofilm,0.404563283
Biofilm,0.220290469
Biofilm,0.066370659
Biofilm,0.258771567
Biofilm,0.060716604
Biofilm,0.220146524
Biofilm,0.186123532
Biofilm,0.084152131
Biofilm,0.360535379
Biofilm,0.459174944
Biofilm,0.533384465
Biofilm,0.070031615
Biofilm,0.189424608
Biofilm,0.18641043
Biofilm,0.017551029
Biofilm,0.398645568
Biofilm,0.245931074
Biofilm,0.209007713
Biofilm,0.302360391
Biofilm,0.238238476
Biofilm,0.331746161
Biofilm,0.211929679
Biofilm,0.251122632
Biofilm,0.083274239
Biofilm,0.155128732
Biofilm,0.088314235
Biofilm,0.132471924
Biofilm,0.392241598
Biofilm,0.144420129
Biofilm,0.665903216
Biofilm,0.352374257
Biofilm,0.344765092
Biofilm,0.471787098
Biofilm,0.482921754
Biofilm,0.686619141
Biofilm,0.115008487
Biofilm,0.181641526
Biofilm,0.36632748
Biofilm,0.015078815
Biofilm,0.142619002
Biofilm,0.658796364
Biofilm,0.13821739
Biofilm,0.138586319
Biofilm,0.100524334
Biofilm,0.237687202
Biofilm,0.130237099
Biofilm,0.643394039
Biofilm,0.343569989
Biofilm,0.02404791
Biofilm,0.050313685
Biofilm,0.209524014
Biofilm,0.032054483
Biofilm,0.405295241
Biofilm,0.309743645
Biofilm,0.350324679
Biofilm,0.061141812
Biofilm,0.312309359
Biofilm,0.231446512
Biofilm,0.584474143
Biofilm,0.083462994
Biofilm,0.589125062
Biofilm,0.740917413
Biofilm,0.2201082
Biofilm,0.649114643
Biofilm,0.04701235
Biofilm,0.239257605
Biofilm,0.606969529
Biofilm,0.341664057
Biofilm,0.344320827
Biofilm,0.078419957
Biofilm,0.586431415
Biofilm,0.102903047
Biofilm,0.480519164
Biofilm,0.235276371
Biofilm,0.099048701
Biofilm,0.161131449
Biofilm,0.378873669
Biofilm,0.073820241
Biofilm,0.063295095
Biofilm,0.13218938
Biofilm,0.174172249
Biofilm,0.063730456
Biofilm,0.516749121
Biofilm,0.076982912
Biofilm,0.009832822
Biofilm,0.090168519
Biofilm,0.026905985
Biofilm,0.546568654
Biofilm,0.163991982
Biofilm,0.141428937
Biofilm,0.063921631
Biofilm,0.132844101
Biofilm,0.036104479
Biofilm,0.318506146
Biofilm,0.166096276
Biofilm,0.359865082
Biofilm,0.034087038
Biofilm,0.141787071
Biofilm,0.441368967
Biofilm,0.058878878
Biofilm,0.474049408
Biofilm,0.437759679
Biofilm,0.10701481
Biofilm,0.113081488
Biofilm,0.390031103
Biofilm,0.357141363
Biofilm,0.006459195
Biofilm,0.532498092
Biofilm,0.257898319
Biofilm,0.090551314
Biofilm,0.074525559
Biofilm,0.029588695
Biofilm,0.018088448
Biofilm,0.236859582
Biofilm,0.017597315
Biofilm,0.563474268
Biofilm,0.037422525
Biofilm,0.389765242
Biofilm,0.267346081
Biofilm,0.170838205
Biofilm,0.471680822
Biofilm,0.219992845
Biofilm,0.20127259
Biofilm,0.013161336
Biofilm,0.109416801
Biofilm,0.525473031
Biofilm,0.303328732
Biofilm,0.432693326
Biofilm,0.142887506
Biofilm,0.225148187
Biofilm,0.1083409
Biofilm,0.057754133
Biofilm,0.214238592
Biofilm,0.101746269
Biofilm,0.019073773
Biofilm,0.128315921
Biofilm,0.556159683
Biofilm,0.134344423
Biofilm,0.154789175
Biofilm,0.026757791
Biofilm,0.246742929
Biofilm,0.191079291
Biofilm,0.515082379
Biofilm,0.193714529
Biofilm,0.217846953
Biofilm,0.258405551
Biofilm,0.216446519
Biofilm,0.098184566
Biofilm,0.213754697
Biofilm,0.924157413
Biofilm,0.124203007
Biofilm,0.055908889
Biofilm,0.336945802
Biofilm,0.382247109
Biofilm,0.667631371
Biofilm,0.219311442
Biofilm,0.010608801
Biofilm,0.197438641
Biofilm,0.160049784
Biofilm,0.233225132
Biofilm,0.026520972
Biofilm,0.038840671
Biofilm,0.020872623
Biofilm,0.159270776
Biofilm,0.063834539
Biofilm,0.001816924
Biofilm,0.04380581
Biofilm,0.587534635
Biofilm,0.08169111
Biofilm,0.210124015
Biofilm,0.901256012
Biofilm,0.319605763
Biofilm,0.123540051
Biofilm,0.153215795
Biofilm,0.465571151
Biofilm,0.055950087
Biofilm,0.220209528
Biofilm,0.095403423
Biofilm,0.34420283
Biofilm,0.254548027
Biofilm,0.019939629
Biofilm,0.106531458
Biofilm,0.30602632
Biofilm,0.596811994
Biofilm,0.110376061
Biofilm,0.113520817
Biofilm,0.068868237
Biofilm,0.526166824
Biofilm,0.045351077
Biofilm,0.479675257
Biofilm,0.191836164
Biofilm,0.130265305
Biofilm,0.144029946
Biofilm,0.639077958
Biofilm,0.656409539
Biofilm,0.410457751
Biofilm,0.224232824
Biofilm,0.633673118
Biofilm,0.165225715
Biofilm,0.213331239
Biofilm,0.327148995
Biofilm,0.719695419
Biofilm,0.032835356
Biofilm,0.713956812
Biofilm,0.268508214
Biofilm,0.360085442
Biofilm,0.30487716
Biofilm,0.021736031
Biofilm,0.370338216
Biofilm,0.085771904
Biofilm,0.391655798
Biofilm,0.094078281
Biofilm,0.209157589
Biofilm,0.482759543
Biofilm,0.343214325
Biofilm,0.529659278
Biofilm,0.00914566
Biofilm,0.523998154
Biofilm,0.270541632
Biofilm,0.259604799
Biofilm,0.006681058
Biofilm,0.400195299
Biofilm,0.00872989
Biofilm,0.060494349
Biofilm,0.138497859
Biofilm,0.893962112
Biofilm,0.117351833
Biofilm,0.129342538
Biofilm,0.555035978
Biofilm,0.508739521
Biofilm,0.089867176
Biofilm,0.176545232
Biofilm,0.156260361
Biofilm,0.090742691
Biofilm,0.040744553
Biofilm,0.368605871
Biofilm,0.199810192
Biofilm,0.066860527
Biofilm,0.799727649
Biofilm,0.11040131
Biofilm,0.013598956
Biofilm,0.129066039
Biofilm,0.15956902
Biofilm,0.367576139
Biofilm,0.295411746
Biofilm,0.029780525
Biofilm,0.510208445
Biofilm,0.636673052
Biofilm,0.07079922
Biofilm,0.427883766
Biofilm,0.289928774
Biofilm,0.048970887
Biofilm,0.663413655
Biofilm,0.401106539
Biofilm,0.675546145
Biofilm,0.326978919
Biofilm,0.236582023
Biofilm,0.423959705
Biofilm,0.223157284
Biofilm,0.038971968
Biofilm,0.478788855
Biofilm,0.759142385
Biofilm,0.035643036
Biofilm,0.345118817
Biofilm,0.107697828
Biofilm,0.242714238
Biofilm,0.727410188
Biofilm,0.054422075
Biofilm,0.124211718
Biofilm,0.184226499
Biofilm,0.008900809
Biofilm,0.04725328
Biofilm,0.050407927
Biofilm,0.215464117
Biofilm,0.387534721
Biofilm,0.087012859
Biofilm,0.022555277
Biofilm,0.412786301
Biofilm,0.08976765
Biofilm,0.071108273
Biofilm,0.108774976
Biofilm,0.023257677
Biofilm,0.024108016
Biofilm,0.423624427
Biofilm,0.257512548
Biofilm,0.300488393
Biofilm,0.01868163
Biofilm,0.717819792
Biofilm,0.661951752
Biofilm,0.383592772
Biofilm,0.248845866
Biofilm,0.067503649
Biofilm,0.054608356
Biofilm,0.482662458
Biofilm,0.168759354
Biofilm,0.045748222
Biofilm,0.240186371
Biofilm,0.46855262
Biofilm,0.004593666
Biofilm,0.089779311
Biofilm,0.171914712
Biofilm,0.313933804
Biofilm,0.145120795
Biofilm,0.055384298
Biofilm,0.102068381
Biofilm,0.255357645
Biofilm,0.229208699
Biofilm,0.403066157
Biofilm,0.332642549
Biofilm,0.155743482
Biofilm,0.104709184
Biofilm,0.371183689
Biofilm,0.378857156
Biofilm,0.195729397
Biofilm,0.37776639
Biofilm,0.303764802
Biofilm,0.701634923
Biofilm,0.038658413
Biofilm,0.292520694
Biofilm,0.437982065
Biofilm,0.015664674
Biofilm,0.619632299
Biofilm,0.247001375
Biofilm,0.200343067
Biofilm,0.13347046
Biofilm,0.316862154
Biofilm,0.059921327
Biofilm,0.057094238
Biofilm,0.392418565
Biofilm,0.171116935
Biofilm,0.010044238
Biofilm,0.214154848
Biofilm,0.053208488
Biofilm,0.101538688
Biofilm,0.049971691
Biofilm,0.16540278
Biofilm,0.041763814
Biofilm,0.031196389
Biofilm,0.023649362
Biofilm,0.219043504
Biofilm,0.385982321
Biofilm,0.12439719
Biofilm,0.541406687
Biofilm,0.745206797
Biofilm,0.511135328
Biofilm,0.792819046
Biofilm,0.310131941
Biofilm,0.06042352
Biofilm,0.085439247
Biofilm,0.122850757
Biofilm,0.153239948
Biofilm,0.004784836
Biofilm,0.356460937
Biofilm,0.323528589
Biofilm,0.12804365
Biofilm,0.263970819
Biofilm,0.499327403
Biofilm,0.604612807
Biofilm,0.188427594
Biofilm,0.033397529
Biofilm,0.167584876
Biofilm,0.632929593
Biofilm,0.774353838
Biofilm,0.054199753
Biofilm,0.389306982
Biofilm,0.394613812
Biofilm,0.448482643
Biofilm,0.275482659
Biofilm,0.099680655
Biofilm,0.292116627
Biofilm,0.153255233
Biofilm,0.391851138
Biofilm,0.405720047
Biofilm,0.362916989
Biofilm,0.158262984
Biofilm,0.224161345
Biofilm,0.910009319
Biofilm,0.863361701
Biofilm,0.101174353
Biofilm,0.131576418
Biofilm,0.214472072
Biofilm,0.006611709
Biofilm,0.036094996
Biofilm,0.33972344
Biofilm,0.316056059
Biofilm,0.347974884
Biofilm,0.033219276
Biofilm,0.27490553
Biofilm,0.251845996
Biofilm,0.078695062
Biofilm,0.255660736
Biofilm,0.100231198
Biofilm,0.078416441
Biofilm,0.230564702
Biofilm,0.476721964
Biofilm,0.075105022
Biofilm,0.033701147
Biofilm,0.014924047
Biofilm,0.094939233
Biofilm,0.089369467
Biofilm,0.27990803
Biofilm,0.065511457
Biofilm,0.141205767
Biofilm,0.163072549
Biofilm,0.238449969
Biofilm,0.00654887
Biofilm,0.443475769
Biofilm,0.118973502
Biofilm,0.280666819
Biofilm,0.455933788
Biofilm,0.04326943
Biofilm,0.186190989
Biofilm,0.379535535
Biofilm,0.656111025
Biofilm,0.007867749
Biofilm,0.130088009
Biofilm,0.312373689
Biofilm,0.069474302
Biofilm,0.100513602
Biofilm,0.33592229
Biofilm,0.00469841
Biofilm,0.184218552
Biofilm,0.208569991
Biofilm,0.376980437
Biofilm,0.500362984
Biofilm,0.206923939
Biofilm,0.208652218
Biofilm,0.294914971
Biofilm,0.35852479
Biofilm,0.028774672
Biofilm,0.375512313
Biofilm,0.358093668
Biofilm,0.595024377
Biofilm,0.105645781
Biofilm,0.295571789
Biofilm,0.018968289
Biofilm,0.416691589
Biofilm,0.177891027
Biofilm,0.383207779
Biofilm,0.444939934
Biofilm,0.617033806
Biofilm,0.107655769
Biofilm,0.140492558
Biofilm,0.3730565
Biofilm,0.232154032
Biofilm,0.153196488
Biofilm,0.137970333
Biofilm,0.577322801
Biofilm,0.024534698
Biofilm,0.191595413
Biofilm,0.519350755
Biofilm,0.511454386
Biofilm,0.108451082
Biofilm,0.154786997
Biofilm,0.175869596
Biofilm,0.27401905
Biofilm,0.834884883
Biofilm,0.34287046
Biofilm,0.214586544
Biofilm,0.003197846
Biofilm,0.555832823
Biofilm,0.283697872
Biofilm,0.063679199
Biofilm,0.530466731
Biofilm,0.200932098
Biofilm,0.106284257
Biofilm,0.056151513
Biofilm,0.283616664
Biofilm,0.205242848
Biofilm,0.253696447
Biofilm,0.315112695
Biofilm,0.085284166
Biofilm,0.227166884
Biofilm,0.387012013
Biofilm,0.333472463
Biofilm,0.087884973
Biofilm,0.246792047
Biofilm,0.231662883
Biofilm,0.654940462
Biofilm,0.203571004
Biofilm,0.571846861
Biofilm,0.713484641
Biofilm,0.016942593
Biofilm,0.549163783
Biofilm,0.131718495
Biofilm,0.515058877
Biofilm,0.059859507
Biofilm,0.175893444
Biofilm,0.129632021
Biofilm,0.474782162
Biofilm,0.825841085
Biofilm,0.00858477
Biofilm,0.210602694
Biofilm,0.612904156
Biofilm,0.058142819
Biofilm,0.030940588
Biofilm,0.234139378
Biofilm,0.140396002
Biofilm,0.179471056
Biofilm,0.601983618
Biofilm,0.789026563
Biofilm,0.277578323
Biofilm,0.507559044
Biofilm,0.57452014
Biofilm,0.062902287
Biofilm,0.255246784
Biofilm,0.540465617
Biofilm,0.579142355
Biofilm,0.065599176
Biofilm,0.205438954
Biofilm,0.058897784
Biofilm,0.303408015
Biofilm,0.367549541
Biofilm,0.471371539
Biofilm,0.095166969
Biofilm,0.525675655
Biofilm,0.037474869
Biofilm,0.359807817
Biofilm,0.605222591
Biofilm,0.128994031
Biofilm,0.148158656
Biofilm,0.026935139
Biofilm,0.431222498
Biofilm,0.419950484
Biofilm,0.236634489
Biofilm,0.843515123
Biofilm,0.381807434
Biofilm,0.194686552
Biofilm,0.611744957
Biofilm,0.119378359
Biofilm,0.00929729
Biofilm,0.379942628
Biofilm,0.192424941
Biofilm,0.024371091
Biofilm,0.109899938
Biofilm,0.340883143
Biofilm,0.644860469
Biofilm,0.151106341
Biofilm,0.212212001
Biofilm,0.663279007
Biofilm,0.789190556
Biofilm,0.085560039
Biofilm,0.100946416
Biofilm,0.206771781
Biofilm,0.510795006
Biofilm,0.327921568
Biofilm,0.206534725
Biofilm,0.118568135
Biofilm,0.395881703
Biofilm,0.105964792
Biofilm,0.181921156
Biofilm,0.10434993
Biofilm,0.071563844
Biofilm,0.187573669
Biofilm,0.180594657
Biofilm,0.727834279
Biofilm,0.318647399
Biofilm,0.063709166
Biofilm,0.089031382
Biofilm,0.506822188
Biofilm,0.208486412
Biofilm,0.081810162
Biofilm,0.119538557
Biofilm,0.346466033
Biofilm,0.43991832
Biofilm,0.994556315
Biofilm,0.507129798
Biofilm,0.002173029
Biofilm,0.653650039
Biofilm,0.088757676
Biofilm,0.008248005
Biofilm,0.103067128
Biofilm,0.424932808
Biofilm,0.146642973
Biofilm,0.058284232
Biofilm,0.018038242
Biofilm,0.0401075
Biofilm,0.784347509
Biofilm,0.09390658
Biofilm,0.365047886
Biofilm,0.397849896
Biofilm,0.203408917
Biofilm,0.024793093
Biofilm,0.127473713
Biofilm,0.363644935
Biofilm,0.579296666
Biofilm,0.137049335
Biofilm,0.045889839
Biofilm,0.014770718
Biofilm,0.273100293
Biofilm,0.522525689
Biofilm,0.106791291
Biofilm,0.150793949
Biofilm,0.895408814
Biofilm,0.540426997
Biofilm,0.0648567
Biofilm,0.044111985
Biofilm,0.205420341
Biofilm,0.480656444
Biofilm,0.253937465
Biofilm,0.108118349
Biofilm,0.033722252
Biofilm,0.550545703
Biofilm,0.485639981
Biofilm,0.134197246
Biofilm,0.20114019
Biofilm,0.31732832
Biofilm,0.815423067
Biofilm,0.329462597
Biofilm,0.156719712
Biofilm,0.04610494
Biofilm,0.789350785
Biofilm,0.311379523
Biofilm,0.147651721
Biofilm,0.42595645
Biofilm,0.068640597
Biofilm,0.07471508
Biofilm,0.212700472
Biofilm,0.0341978
Biofilm,0.156339517
Biofilm,0.014135175
Biofilm,0.007833018
Biofilm,0.535897321
Biofilm,0.220512253
Biofilm,0.242746151
Biofilm,0.112214321
Biofilm,0.200131571
Biofilm,0.125936842
Biofilm,0.357875985
Biofilm,0.289075244
Biofilm,0.04080093
Biofilm,0.06929958
Biofilm,0.165850526
Biofilm,0.029591682
Biofilm,0.011349535
Biofilm,0.022449601
Biofilm,0.868227876
Biofilm,0.122989803
Biofilm,0.02483958
Biofilm,0.065710631
Biofilm,0.620517261
Biofilm,0.891874171
Biofilm,0.20211231
Biofilm,0.140830182
Biofilm,0.054806023
Biofilm,0.35632858
Biofilm,0.00268436
Biofilm,0.032240057
Biofilm,0.241004111
Biofilm,0.111259769
Biofilm,0.458013561
Biofilm,0.496508006
Biofilm,0.200662102
Biofilm,0.020220621
Biofilm,0.886930186
Biofilm,0.514918731
Biofilm,0.082188551
Biofilm,0.320459789
Biofilm,0.629478831
Biofilm,0.096593738
Biofilm,0.110618219
Biofilm,0.118870094
Biofilm,0.433163801
Biofilm,0.189911092
Biofilm,0.041791022
Biofilm,0.066944377
Biofilm,0.388637829
Biofilm,0.118167255
Biofilm,0.064040698
Biofilm,0.841701204
Biofilm,0.086266043
Biofilm,0.248315142
Biofilm,0.885619611
Biofilm,0.044313994
Biofilm,0.170108899
Biofilm,0.354863802
Biofilm,0.038449577
Biofilm,0.063511624
Biofilm,0.288954475
Biofilm,0.279630065
Biofilm,0.207829001
Biofilm,0.113121465
Biofilm,0.181713159
Biofilm,0.23580836
Biofilm,0.369416335
Biofilm,0.266875928
Biofilm,0.086476179
Biofilm,0.048692533
Biofilm,0.161060819
Biofilm,0.335562359
Biofilm,0.596417951
Biofilm,0.233832816
Biofilm,0.089705495
Biofilm,0.007321137
Biofilm,0.07845365
Biofilm,0.840815943
Biofilm,0.326209552
Biofilm,0.193746378
Biofilm,0.391006134
Biofilm,0.279277427
Biofilm,0.094646174
Biofilm,0.349794404
Biofilm,0.463869352
Biofilm,0.430297258
Biofilm,0.743626356
Biofilm,0.070256398
Biofilm,0.650480799
Biofilm,0.035895573
Biofilm,0.679299093
Biofilm,0.079933703
Biofilm,0.001337312
Biofilm,0.106329082
Biofilm,0.030297892
Biofilm,0.29214961
Biofilm,0.287951547
Biofilm,0.603869996
Biofilm,0.131390909
Biofilm,0.338252874
Biofilm,0.003604199
Biofilm,0.010430415
Biofilm,0.409603815
Biofilm,0.444514163
Biofilm,0.159032774
Biofilm,0.167315977
Biofilm,0.32712513
Biofilm,0.195022646
Biofilm,0.109143275
Biofilm,0.005993481
Biofilm,0.483733513
Biofilm,0.028010533
Biofilm,0.141438123
Biofilm,0.143769819
Biofilm,0.43332398
Biofilm,0.143070541
Biofilm,0.65671934
Biofilm,0.126924201
Biofilm,0.074669819
Biofilm,0.301120331
Biofilm,0.284039928
Biofilm,0.103489108
Biofilm,0.139816999
Biofilm,0.449313524
Biofilm,0.002115661
Biofilm,0.083174257
Biofilm,0.645554762
Biofilm,0.24241162
Biofilm,0.118025323
Biofilm,0.219822355
Biofilm,0.423482097
Biofilm,0.303308405
Biofilm,0.365716352
Biofilm,0.591216761
Biofilm,0.025607659
Biofilm,0.158038765
Biofilm,0.018534665
Biofilm,0.190836579
Biofilm,0.089243122
Biofilm,0.085308013
Biofilm,0.524440775
Biofilm,0.352347118
Biofilm,0.015132892
Biofilm,0.563118633
Biofilm,0.052124845
Biofilm,0.072660726
Biofilm,0.090050889
Biofilm,0.023931206
Biofilm,0.070160084
Biofilm,0.018509385
Biofilm,0.224883448
Biofilm,0.587562049
Biofilm,0.070933304
Biofilm,0.329698033
Biofilm,0.05989278
Biofilm,0.422233069
Biofilm,0.16814785
Biofilm,0.529026924
Biofilm,0.084397952
Biofilm,0.042214841
Biofilm,0.28025794
Biofilm,0.629894272
Biofilm,0.45390865
Biofilm,0.050706381
Biofilm,0.054218015
Biofilm,0.000302124
Biofilm,0.02503846
Biofilm,0.326253255
Biofilm,0.366058997
Biofilm,0.050610682
Biofilm,0.027139366
Biofilm,0.02229423
Biofilm,0.692945183
Biofilm,0.57456968
Biofilm,0.747976028
Biofilm,0.509726066
Biofilm,0.49471334
Biofilm,0.10113709
Biofilm,0.059824334
Biofilm,0.416053427
Biofilm,0.061442143
Biofilm,0.060443152
Biofilm,0.236132978
Biofilm,0.103337687
Biofilm,0.04872437
Biofilm,0.701535533
Biofilm,0.241239628
Biofilm,0.001300749
Biofilm,0.027230998
Biofilm,0.264829937
Biofilm,0.146477851
Biofilm,0.035248304
Biofilm,0.489673568
Biofilm,0.011352996
Biofilm,0.095831345
Biofilm,0.694169061
Biofilm,0.039617891
Biofilm,0.064496996
Biofilm,0.053538364
Biofilm,0.664267611
Biofilm,0.057788407
Biofilm,0.245200172
Biofilm,0.150214102
Biofilm,0.000688744
Biofilm,0.496931564
Biofilm,0.380341639
Biofilm,0.067846116
Biofilm,0.174514321
Biofilm,0.152362628
Biofilm,0.22880425
Biofilm,0.1217637
Biofilm,0.095647731
Biofilm,0.09015689
Biofilm,0.088466991
Biofilm,0.415382905
Biofilm,0.094917593
Biofilm,0.223034101
Biofilm,0.216094482
Biofilm,0.235377202
Biofilm,0.674048657
Biofilm,0.069421346
Biofilm,0.145212486
Biofilm,0.264928172
Biofilm,0.074553431
Biofilm,0.251079782
Biofilm,0.768296536
Biofilm,0.035035979
Biofilm,0.080284968
Biofilm,0.106217713
Biofilm,0.015312612
Biofilm,0.858610885
Biofilm,0.248872544
Biofilm,0.776711008
Biofilm,0.030458248
Biofilm,0.012408796
Biofilm,0.481942456
Biofilm,0.074819363
Biofilm,0.134570945
Biofilm,0.026793546
Biofilm,0.383275645
Biofilm,0.056161941
Biofilm,0.164699483
Biofilm,0.698255611
Biofilm,0.286540143
Biofilm,0.086316317
Biofilm,0.099574599
Biofilm,0.403717154
Biofilm,0.542424158
Biofilm,0.0307284
Biofilm,0.065516475
Biofilm,0.016503182
Biofilm,0.027771386
Biofilm,0.042873454
Biofilm,0.039956266
Biofilm,0.67447963
Biofilm,0.563927788
Biofilm,0.773431662
Biofilm,0.480923816
Biofilm,0.59055607
Biofilm,0.237350788
Biofilm,0.331444415
Biofilm,0.705783117
Biofilm,0.141468213
Biofilm,0.088534539
Biofilm,0.111899565
Biofilm,0.05230501
Biofilm,0.457457031
Biofilm,0.725168619
Biofilm,0.014566537
Biofilm,0.00237749
Biofilm,0.588807201
Biofilm,0.489459621
Biofilm,0.36426256
Biofilm,0.12219839
Biofilm,0.182007377
Biofilm,0.332345286
Biofilm,0.171882272
Biofilm,0.116357105
Biofilm,0.425390029
Biofilm,0.10924184
Biofilm,0.184021548
Biofilm,0.000325915
Biofilm,0.063195887
Biofilm,0.394294987
Biofilm,0.485469231
Biofilm,0.013028527
Biofilm,0.099734033
Biofilm,0.319127877
Biofilm,0.077788423
Biofilm,0.047739011
Biofilm,0.680486961
Biofilm,0.073414496
Biofilm,0.145083547
Biofilm,0.053228605
Biofilm,0.273894834
Biofilm,0.239846557
Biofilm,0.428127289
Biofilm,0.272722734
Biofilm,0.218153069
Biofilm,0.181459113
Biofilm,0.190385364
Biofilm,0.080902004
Biofilm,0.117528075
Biofilm,0.039962006
Biofilm,0.122521253
Biofilm,0.322399404
Biofilm,0.123037312
Biofilm,0.510568953
Biofilm,0.356187018
Biofilm,0.276423233
Biofilm,0.261162444
Biofilm,0.065466975
Biofilm,0.097816041
Biofilm,0.013734893
Biofilm,0.135386545
Biofilm,0.001255163
Biofilm,0.090473833
Biofilm,0.458774237
Biofilm,0.148094164
Biofilm,0.227820905
Biofilm,0.384876242
Biofilm,0.010709333
Biofilm,0.419216376
Biofilm,0.76663228
Biofilm,0.52925301
Biofilm,0.178997313
Biofilm,0.620536269
Biofilm,0.109872955
Biofilm,0.22268589
Biofilm,0.136119032
Biofilm,0.025366277
Biofilm,0.274272337
Biofilm,0.489869237
Biofilm,0.010239415
Biofilm,0.209861684
Biofilm,0.180025708
Biofilm,0.248760769
Biofilm,0.279607862
Biofilm,0.06207902
Biofilm,0.234094678
Biofilm,0.311756687
Biofilm,0.436688364
Biofilm,0.196059669
Biofilm,0.036779106
Biofilm,0.056210916
Biofilm,0.050111091
Biofilm,0.791580043
Biofilm,0.530518823
Biofilm,0.56506612
Biofilm,0.262441874
Biofilm,0.324071495
Biofilm,0.245701379
Biofilm,0.298493168
Biofilm,0.01823995
Biofilm,0.31445251
Biofilm,0.53041291
Biofilm,0.057726377
Biofilm,0.308988521
Biofilm,0.325042991
Biofilm,0.688942756
Biofilm,0.276842987
Biofilm,0.39826369
Biofilm,0.275233282
Biofilm,0.129044527
Biofilm,0.677844825
Biofilm,0.361415575
Biofilm,0.364634701
Biofilm,0.197192943
Biofilm,0.113637578
Biofilm,0.847460894
Biofilm,0.069525993
Biofilm,0.129773976
Biofilm,0.45038563
Biofilm,0.371325295
Biofilm,0.012916126
Biofilm,0.106322545
Biofilm,0.057386551
Biofilm,0.239004221
Biofilm,0.025404601
Biofilm,0.798385459
Biofilm,0.350881241
Biofilm,0.458556517
Biofilm,0.309876093
Biofilm,0.214362341
Biofilm,0.103915629
Biofilm,0.322836774
Biofilm,0.294320211
Biofilm,0.162002768
Biofilm,0.053565406
Biofilm,0.066954707
Biofilm,0.669250209
Biofilm,0.24721796
Biofilm,0.381811265
Biofilm,0.059715257
Biofilm,0.493377439
Biofilm,0.164072217
Biofilm,0.241649627
Biofilm,0.331949692
Biofilm,0.184579146
Biofilm,0.160845369
Biofilm,0.326624969
Biofilm,0.116269393
Biofilm,0.158055938
Biofilm,0.150544538
Biofilm,0.213401109
Biofilm,0.636184573
Biofilm,0.183165191
Biofilm,0.465497972
Biofilm,0.061889967
Biofilm,0.296750548
Biofilm,0.201605964
Biofilm,0.276077604
Biofilm,0.51910118
Biofilm,0.099364296
Biofilm,0.216294219
Biofilm,0.624211705
Biofilm,0.288016049
Biofilm,0.3737735
Biofilm,0.02858392
Biofilm,0.272635951
Biofilm,0.609502351
Biofilm,0.278835635
Biofilm,0.083901914
Biofilm,0.410830918
Biofilm,0.096269604
Biofilm,0.033731605
Biofilm,0.007371393
Biofilm,0.11152167
Biofilm,0.093699654
Biofilm,0.016098234
Biofilm,0.903565847
Biofilm,0.069848591
Biofilm,0.044365928
Biofilm,0.362422967
Biofilm,0.180985379
Biofilm,0.113559585
Biofilm,0.325425076
Biofilm,0.574911636
Biofilm,0.266472701
Biofilm,0.024486039
Biofilm,0.019946719
Biofilm,0.010873552
Biofilm,0.43482871
Biofilm,0.427111038
Biofilm,0.417884646
Biofilm,0.085438172
Biofilm,0.165218478
Biofilm,0.36752596
Biofilm,0.62541381
Biofilm,0.401625785
Biofilm,0.060742164
Biofilm,0.022955864
Biofilm,0.005367064
Biofilm,0.02252474
Biofilm,0.634685966
Biofilm,0.107390872
Biofilm,0.047340576
Biofilm,0.733947425
Biofilm,0.359674333
Biofilm,0.436624858
Biofilm,0.020038901
Biofilm,0.226960903
Biofilm,0.321714059
Biofilm,0.583005011
Biofilm,0.011555388
Biofilm,0.132793369
Biofilm,0.135793018
Biofilm,0.171137458
Biofilm,0.203383467
Biofilm,0.047747801
Biofilm,0.637693192
Biofilm,0.238448732
Biofilm,0.022955074
Biofilm,0.744937102
Biofilm,0.630203139
Biofilm,0.323173438
Biofilm,0.096476138
Biofilm,0.495336851
Biofilm,0.706387566
Biofilm,0.272781428
Biofilm,0.237738974
Biofilm,0.397251558
Biofilm,0.536466598
Biofilm,0.519045824
Biofilm,0.185422114
Biofilm,0.032117119
Biofilm,0.143929841
Biofilm,0.153393776
Biofilm,0.320614535
Biofilm,0.003772677
Biofilm,0.462947217
Biofilm,0.335707152
Biofilm,0.405718114
Biofilm,0.309780833
Biofilm,0.074127746
Biofilm,0.12855376
Biofilm,0.05705645
Biofilm,0.679271626
Biofilm,0.320478779
Biofilm,0.462974648
Biofilm,0.116947082
Biofilm,0.074808563
Biofilm,0.43808423
Biofilm,0.621085458
Biofilm,0.290551238
Biofilm,0.760417343
Biofilm,0.224179784
Biofilm,0.488061996
Biofilm,0.56733401
Biofilm,0.06128395
Biofilm,0.07911546
Biofilm,0.320084577
Biofilm,0.083384491
Biofilm,0.411549073
Biofilm,0.095321163
Biofilm,0.022573327
Biofilm,0.336431885
Biofilm,0.057550876
Biofilm,0.173925474
Biofilm,0.07005023
Biofilm,0.192036842
Biofilm,0.113420741
Biofilm,0.092298183
Biofilm,0.054110091
Biofilm,0.842905822
Biofilm,0.157517522
Biofilm,0.174448468
Biofilm,0.795854115
Biofilm,0.234413498
Biofilm,0.454702694
Biofilm,0.175942449
Biofilm,0.314113277
Biofilm,0.174112315
Biofilm,0.039084875
Biofilm,0.151329249
Biofilm,0.558656992
Biofilm,0.041353077
Biofilm,0.095841147
Biofilm,0.08721701
Biofilm,0.04688873
Biofilm,0.549487797
Biofilm,0.185855332
Biofilm,0.027635865
Biofilm,0.210310708
Biofilm,0.318322196
Biofilm,0.12137249
Biofilm,0.604234606
Biofilm,0.138299204
Biofilm,0.349306147
Biofilm,0.180645704
Biofilm,0.126807079
Biofilm,0.127804838
Biofilm,0.205792619
Biofilm,0.06706105
Biofilm,0.203738275
Biofilm,0.187849731
Biofilm,0.20016663
Biofilm,0.212890736
Biofilm,0.098242608
Biofilm,0.509181599
Biofilm,0.352490147
Biofilm,0.310418224
Biofilm,0.163884985
Biofilm,0.031644978
Biofilm,0.416570009
Biofilm,0.127243045
Biofilm,0.095958864
Biofilm,0.015865165
Biofilm,0.125363473
Biofilm,0.082746272
Biofilm,0.36245279
Biofilm,0.203907618
Biofilm,0.247811587
Biofilm,0.025228647
Biofilm,0.027324037
Biofilm,0.080827366
Biofilm,0.148060909
Biofilm,0.041215038
Biofilm,0.384178744
Biofilm,0.856870859
Biofilm,0.463824748
Biofilm,0.558370994
Biofilm,0.116357289
Biofilm,0.253552315
Biofilm,0.492152156
Biofilm,0.734291361
Biofilm,0.277967996
Biofilm,0.242181517
Biofilm,0.148786126
Biofilm,0.177748687
Biofilm,0.0700882
Biofilm,0.226550445
Biofilm,0.049380134
Biofilm,0.471478543
Biofilm,0.115970617
Biofilm,0.430598997
Biofilm,0.118140023
Biofilm,0.533150744
Biofilm,0.174160132
Biofilm,0.012184796
Biofilm,0.275080666
Biofilm,0.473194621
Biofilm,0.022940406
Biofilm,0.641066593
Biofilm,0.209846906
Biofilm,0.041040191
Biofilm,0.199933382
Biofilm,0.483635467
Biofilm,0.16371792
Biofilm,0.092599116
Biofilm,0.459895512
Biofilm,0.181238885
Biofilm,0.035369183
Biofilm,0.137855918
Biofilm,0.261489744
Biofilm,0.285251935
Biofilm,0.175694959
Biofilm,0.031871549
Biofilm,0.184506801
Biofilm,0.013362711
Biofilm,0.80044714
Biofilm,0.104363876
Biofilm,0.421571255
Biofilm,0.318311796
Biofilm,0.188922112
Biofilm,0.26688907
Biofilm,0.390402056
Biofilm,0.117112553
Biofilm,0.479896707
Biofilm,0.034950075
Biofilm,0.803218171
Biofilm,0.006787933
Biofilm,0.20359941
Biofilm,0.352739078
Biofilm,0.379725454
Biofilm,0.033450538
Biofilm,0.798191163
Biofilm,0.04313678
Biofilm,0.249120223
Biofilm,0.21071782
Biofilm,0.095285143
Biofilm,0.20042728
Biofilm,0.451143305
Biofilm,0.172938999
Biofilm,0.223125992
Biofilm,0.160860407
Biofilm,0.029314717
Biofilm,0.147339631
Biofilm,0.150874715
Biofilm,0.187046649
Biofilm,0.141493225
Biofilm,0.026225442
Biofilm,0.381716015
Biofilm,0.055081067
Biofilm,0.155236255
Biofilm,0.038316134
Biofilm,0.009567856
Biofilm,0.116464728
Biofilm,0.044098341
Biofilm,0.548052262
Biofilm,0.278188531
Biofilm,0.23497053
Biofilm,0.271911232
Biofilm,0.407613039
Biofilm,0.06668813
Biofilm,0.068346925
Biofilm,0.69306775
Biofilm,0.048490849
Biofilm,0.001536654
Biofilm,0.478213358
Biofilm,0.558191529
Biofilm,0.108247602
Biofilm,0.013719318
Biofilm,0.009320141
Biofilm,0.341685991
Biofilm,0.263043852
Biofilm,0.050250361
Biofilm,0.002187217
Biofilm,0.629687497
Biofilm,0.45313211
Biofilm,0.048939554
Biofilm,0.536613548
Biofilm,0.247237906
Biofilm,0.11992039
Biofilm,0.581897209
Biofilm,0.687543965
Biofilm,0.063916178
Biofilm,0.125757456
Biofilm,0.498660248
Biofilm,0.683503474
Biofilm,0.687570444
Biofilm,0.052117561
Biofilm,0.37212212
Biofilm,0.335064171
Biofilm,0.396942687
Biofilm,0.00339635
Biofilm,0.082619582
Biofilm,0.629853943
Biofilm,0.1917646
Biofilm,0.347778188
Biofilm,0.888553647
Biofilm,0.033862986
Biofilm,0.530989527
Biofilm,0.185519983
Biofilm,0.013859466
Biofilm,0.109784786
Biofilm,0.665476969
Biofilm,0.065726112
Biofilm,0.033415817
Biofilm,0.340660637
Biofilm,0.472153419
Biofilm,0.140567925
Biofilm,0.189971318
Biofilm,0.063892317
Biofilm,0.196098044
Biofilm,0.418131427
Biofilm,0.038641165
Biofilm,0.278509044
Biofilm,0.364974074
Biofilm,0.322746851
Biofilm,0.468346421
Biofilm,0.68127311
Biofilm,0.122871016
Biofilm,0.28970661
Biofilm,0.348926812
Biofilm,0.084476096
Biofilm,0.076076068
Biofilm,0.138835755
Biofilm,0.372079402
Biofilm,0.12926778
Biofilm,0.350405414
Biofilm,0.207655626
Biofilm,0.276161025
Biofilm,0.10343238
Biofilm,0.102381043
Biofilm,0.13637024
Biofilm,0.567175835
Biofilm,0.78583638
Biofilm,0.520537441
Biofilm,0.298615345
Biofilm,0.432409086
Biofilm,0.166733737
Biofilm,0.27195512
Biofilm,0.436059325
Biofilm,0.145509693
Biofilm,0.397861037
Biofilm,0.536793673
Biofilm,0.377255669
Biofilm,0.507933075
Biofilm,0.009841338
Biofilm,0.144363342
Biofilm,0.038974598
Biofilm,0.107505416
Biofilm,0.194597785
Biofilm,0.003272131
Biofilm,0.00083801
Biofilm,0.077908537
Biofilm,0.058478224
Biofilm,0.126974144
Biofilm,0.405068054
Biofilm,0.233169389
Biofilm,0.713731012
Biofilm,0.311302781
Biofilm,0.072342574
Biofilm,0.581822067
Biofilm,0.136635662
Biofilm,0.373201024
Biofilm,0.26492686
Biofilm,0.48218091
Biofilm,0.271239385
Biofilm,0.585295202
Biofilm,0.84381222
Biofilm,0.771959561
Biofilm,0.451884111
Biofilm,0.615136481
Biofilm,0.115977544
Biofilm,0.760278554
Biofilm,0.166383814
Biofilm,0.000294438
Biofilm,0.001545641
Biofilm,0.076479302
Biofilm,0.55836852
Biofilm,0.137248693
Biofilm,0.19842564
Biofilm,0.082493186
Biofilm,0.116906201
Biofilm,0.32559791
Biofilm,0.292563213
Biofilm,0.127205138
Biofilm,0.422842929
Biofilm,0.704322223
Biofilm,0.149449348
Biofilm,0.130746422
Biofilm,0.148940846
Biofilm,0.032139889
Biofilm,0.729502053
Biofilm,0.845700252
Biofilm,0.551090664
Biofilm,0.009686774
Biofilm,0.415849911
Biofilm,0.43923132
Biofilm,0.105852643
Biofilm,0.390470992
Biofilm,0.570517071
Biofilm,0.888014643
Biofilm,0.327262008
Biofilm,0.084524853
Biofilm,0.064956602
Biofilm,0.239789553
Biofilm,0.231802884
Biofilm,0.557729946
Biofilm,0.273126305
Biofilm,0.139241243
Biofilm,0.264885792
Biofilm,0.091906786
Biofilm,0.419822537
Biofilm,0.084655615
Biofilm,0.10194988
Biofilm,0.362705798
Biofilm,0.135286139
Biofilm,0.375366398
Biofilm,0.350988193
Biofilm,0.0846288
Biofilm,0.15373337
Biofilm,0.421920538
Biofilm,0.180641428
Biofilm,0.030202684
Biofilm,0.517848801
Biofilm,0.602547813
Biofilm,0.085531894
Biofilm,0.245149385
Biofilm,0.13899238
Biofilm,0.018212671
Biofilm,0.482616151
Biofilm,0.38996826
Biofilm,0.564929925
Biofilm,0.299222493
Biofilm,0.413017964
Biofilm,0.320295915
Biofilm,0.898573708
Biofilm,0.453358714
Biofilm,0.444111055
Biofilm,0.055946962
Biofilm,0.484264222
Biofilm,0.377927442
Biofilm,0.272693918
Biofilm,0.297657919
Biofilm,0.012737792
Biofilm,0.265727334
Biofilm,0.021468724
Biofilm,0.424351393
Biofilm,0.113435072
Biofilm,0.109782918
Biofilm,0.321645371
Biofilm,0.139727668
Biofilm,0.295342711
Biofilm,0.925118909
Biofilm,0.233169857
Biofilm,0.035109986
Biofilm,0.015069464
Biofilm,0.333218807
Biofilm,0.050746745
Biofilm,0.405795608
Biofilm,0.296214587
Biofilm,0.189574398
Biofilm,0.405577194
Biofilm,0.07720283
Biofilm,0.155021506
Biofilm,0.061714564
Biofilm,0.519853985
Biofilm,0.343902543
Biofilm,0.469320069
Biofilm,0.172690037
Biofilm,0.136937078
Biofilm,0.308125585
Biofilm,0.141263992
Biofilm,0.097517831
Biofilm,0.021506611
Biofilm,0.160679904
Biofilm,0.115901828
Biofilm,0.814888321
Biofilm,0.259888197
Biofilm,0.618496861
Biofilm,0.110331875
Biofilm,0.064142373
Biofilm,0.11591436
Biofilm,0.193569868
Biofilm,0.050620337
Biofilm,0.081642591
Biofilm,0.188079429
Biofilm,0.67145181
Biofilm,0.110435443
Biofilm,0.066952256
Biofilm,0.116905946
Biofilm,0.147512412
Biofilm,0.659366662
Biofilm,0.745767677
Biofilm,0.2303666
Biofilm,0.293829599
Biofilm,0.350670546
Biofilm,0.107302102
Biofilm,0.020968499
Biofilm,0.809227134
Biofilm,0.128721645
Biofilm,0.089114061
Biofilm,0.06043477
Biofilm,0.038946738
Biofilm,0.538155646
Biofilm,0.145247227
Biofilm,0.438618618
Biofilm,0.242962331
Biofilm,0.507327846
Biofilm,0.052108191
Biofilm,0.080315054
Biofilm,0.0786801
Biofilm,0.134202998
Biofilm,0.085290937
Biofilm,0.085736261
Biofilm,0.049706543
Biofilm,0.088444408
Biofilm,0.431290272
Biofilm,0.520690146
Biofilm,0.14731004
Biofilm,0.308613303
Biofilm,0.078248785
Biofilm,0.048660621
Biofilm,0.266032619
Biofilm,0.460904829
Biofilm,0.350864555
Biofilm,0.456896137
Biofilm,0.212031388
Biofilm,0.038909356
Biofilm,0.093002923
Biofilm,0.226840993
Biofilm,0.088324917
Biofilm,0.370247108
Biofilm,0.013625746
Biofilm,0.052111306
Biofilm,0.118842469
Biofilm,0.096264665
Biofilm,0.510028474
Biofilm,0.806164656
Biofilm,0.113426637
Biofilm,0.28086814
Biofilm,0.211404799
Biofilm,0.015116728
Biofilm,0.168860073
Biofilm,0.000846829
Biofilm,0.674054744
Biofilm,0.332059156
Biofilm,0.179774824
Biofilm,0.103365177
Biofilm,0.366865397
Biofilm,0.576960178
Biofilm,0.212553733
Biofilm,0.119010633
Biofilm,0.418465271
Biofilm,0.578163614
Biofilm,0.05002467
Biofilm,0.001926125
Biofilm,0.524474383
Biofilm,0.059016936
Biofilm,0.024052671
Biofilm,0.065350047
Biofilm,0.276470105
Biofilm,0.225788388
Biofilm,0.695309105
Biofilm,0.40403983
Biofilm,0.037365797
Biofilm,0.066493997
Biofilm,0.361561956
Biofilm,0.254599963
Biofilm,0.276774263
Biofilm,0.119326409
Biofilm,0.376666714
Biofilm,0.097731509
Biofilm,0.428705206
Biofilm,0.303166422
Biofilm,0.049895499
Biofilm,0.297921549
Biofilm,0.408308019
Biofilm,0.296018903
Biofilm,0.212862596
Biofilm,0.437159438
Biofilm,0.443608744
Biofilm,0.358026574
Biofilm,0.457776914
Biofilm,0.333097219
Biofilm,0.054974803
Biofilm,0.20160077
Biofilm,0.201316595
Biofilm,0.42330361
Biofilm,0.084838769
Biofilm,0.055634245
Biofilm,0.331833145
Biofilm,0.739353237
Biofilm,0.258229469
Biofilm,0.72566584
Biofilm,0.123925816
Biofilm,0.32852351
Biofilm,0.407971502
Biofilm,0.000331318
Biofilm,0.530288248
Biofilm,0.451431577
Biofilm,0.67134638
Biofilm,0.186950103
Biofilm,0.339417366
Biofilm,0.3466579
Biofilm,0.093742159
Biofilm,0.750662821
Biofilm,0.032901846
Biofilm,0.15525521
Biofilm,0.40133635
Biofilm,0.012495389
Biofilm,0.178596822
Biofilm,0.072958974
Biofilm,0.224594369
Biofilm,0.374232965
Biofilm,0.047777093
Biofilm,0.025863668
Biofilm,0.708741826
Biofilm,0.175353293
Biofilm,0.159840375
Biofilm,0.083817045
Biofilm,0.059023925
Biofilm,0.218902568
Biofilm,0.22960036
Biofilm,0.119744754
Biofilm,0.821643615
Biofilm,0.206271119
Biofilm,0.080953187
Biofilm,0.533374279
Biofilm,0.508408092
Biofilm,0.328250295
Biofilm,0.316460899
Biofilm,0.277489813
Biofilm,0.279102713
Biofilm,0.851116079
Biofilm,0.113896166
Biofilm,0.387059497
Biofilm,0.428096155
Biofilm,0.095702042
Biofilm,0.006205114
Biofilm,0.319442858
Biofilm,0.296968488
Biofilm,0.363636048
Biofilm,0.189766436
Biofilm,0.138569339
Biofilm,0.000236297
Biofilm,0.031508923
Biofilm,0.318836273
Biofilm,0.078261762
Biofilm,0.16970847
Biofilm,0.37643395
Biofilm,0.110385919
Biofilm,0.452775311
Biofilm,0.362542663
Biofilm,0.311351753
Biofilm,0.600414613
Biofilm,0.316691215
Biofilm,0.047824603
Biofilm,0.706497019
Biofilm,0.212437182
Biofilm,0.477109692
Biofilm,0.047089589
Biofilm,0.202517135
Biofilm,0.375931655
Biofilm,0.311659207
Biofilm,0.166658113
Biofilm,0.302632107
Biofilm,0.788147849
Biofilm,0.429373294
Biofilm,0.099019446
Biofilm,0.117913127
Biofilm,0.171515134
Biofilm,0.310604945
Biofilm,0.082697687
Biofilm,0.188420904
Biofilm,0.442000044
Biofilm,0.226141319
Biofilm,0.059832453
Biofilm,0.523544081
Biofilm,0.587856699
Biofilm,0.0541955
Biofilm,0.390097843
Biofilm,0.075211795
Biofilm,0.089124764
Biofilm,0.032932087
Biofilm,0.3519581
Biofilm,0.452097882
Biofilm,0.079830828
Biofilm,0.012967572
Biofilm,0.179277461
Biofilm,0.19658012
Biofilm,0.292296489
Biofilm,0.345252685
Biofilm,0.509708203
Biofilm,0.071177479
Biofilm,0.05980181
Biofilm,0.000862129
Biofilm,0.344461058
Biofilm,0.591372337
Biofilm,0.382162522
Biofilm,0.322406321
Biofilm,0.29830968
Biofilm,0.15020771
Biofilm,0.124271864
Biofilm,0.651866635
Biofilm,0.133539385
Biofilm,0.376960694
Biofilm,0.251834949
Biofilm,0.408039
Biofilm,0.486334717
Biofilm,0.142632212
Biofilm,0.091218299
Biofilm,0.181810263
Biofilm,0.338415911
Biofilm,0.067072908
Biofilm,0.359978916
Biofilm,0.092137702
Biofilm,0.020219329
Biofilm,0.027949902
Biofilm,0.507027799
Biofilm,0.10769366
Biofilm,0.025217971
Biofilm,0.549786887
Biofilm,0.123223652
Biofilm,0.637035137
Biofilm,0.035527258
Biofilm,0.06811107
Biofilm,0.077577056
Biofilm,0.059970601
Biofilm,0.16928575
Biofilm,0.190451276
Biofilm,0.105612892
Biofilm,0.047861469
Biofilm,0.435657777
Biofilm,0.144409703
Biofilm,0.219804239
Biofilm,0.118365364
Biofilm,0.285370502
Biofilm,0.626904086
Biofilm,0.338281952
Biofilm,0.231204784
Biofilm,0.780243687
Biofilm,0.281729939
Biofilm,0.390637103
Biofilm,0.165623894
Biofilm,0.154520519
Biofilm,0.026073509
Biofilm,0.828690259
Biofilm,0.316360217
Biofilm,0.07427246
Biofilm,0.376687741
Biofilm,0.623699206
Biofilm,0.149695322
Biofilm,0.380842803
Biofilm,0.329961026
Biofilm,0.072295673
Biofilm,0.084451746
Biofilm,0.021459244
Biofilm,0.434683879
Biofilm,0.119456571
Biofilm,0.201129921
Biofilm,0.083934966
Biofilm,0.220622501
Biofilm,0.033798743
Biofilm,0.01913543
Biofilm,0.018139896
Biofilm,0.120214301
Biofilm,0.308103504
Biofilm,0.253681637
Biofilm,0.314492833
Biofilm,0.075904419
Biofilm,0.444670947
Biofilm,0.152243645
Biofilm,0.620691169
Biofilm,0.352068615
Biofilm,0.575521579
Biofilm,0.036062248
Biofilm,0.535542498
Biofilm,0.476419738
Biofilm,0.455553924
Biofilm,0.056149129
Biofilm,0.058478986
Biofilm,0.304123591
Biofilm,0.662716159
Biofilm,0.198902583
Biofilm,0.102534345
Biofilm,0.005124345
Biofilm,0.425570745
Biofilm,0.147478921
Biofilm,0.320497801
Biofilm,0.103383512
Biofilm,0.020118887
Biofilm,0.230413021
Biofilm,0.264208351
Biofilm,0.157090572
Biofilm,0.272642687
Biofilm,0.168201887
Biofilm,0.207406468
Biofilm,0.055600309
Biofilm,0.213378508
Biofilm,0.264444281
Biofilm,0.088436201
Biofilm,0.092517044
Biofilm,0.022949294
Biofilm,0.02930098
Biofilm,0.345680598
Biofilm,0.271603428
Biofilm,0.200144033
Biofilm,0.008313145
Biofilm,0.078012069
Biofilm,0.251938446
Biofilm,0.091299784
Biofilm,0.040965385
Biofilm,5.58E-05
Biofilm,0.05479202
Biofilm,0.468643031
Biofilm,0.355267365
Biofilm,0.370959984
Biofilm,0.133005744
Biofilm,0.322430941
Biofilm,0.248951532
Biofilm,0.564537405
Biofilm,0.134363876
Biofilm,0.230625284
Biofilm,0.777621422
Biofilm,0.313275234
Biofilm,0.065059214
Biofilm,0.178489799
Biofilm,0.063962512
Biofilm,0.370469477
Biofilm,0.489745396
Biofilm,0.351994681
Biofilm,0.173439707
Biofilm,0.048036696
Biofilm,0.095023484
Biofilm,0.054330653
Biofilm,0.180497072
Biofilm,0.020290817
Biofilm,0.401488056
Biofilm,0.235014679
Biofilm,0.181832534
Biofilm,0.089525697
Biofilm,0.265993161
Biofilm,0.603594793
Biofilm,0.088038517
Biofilm,0.560815709
Biofilm,0.734506517
Biofilm,0.190935251
Biofilm,0.505616296
Biofilm,0.307271833
Biofilm,0.077126676
Biofilm,0.392470736
Biofilm,0.479714993
Biofilm,0.360115371
Biofilm,0.324206741
Biofilm,0.040815879
Biofilm,0.347935138
Biofilm,0.296582404
Biofilm,0.645232166
Biofilm,0.0579538
Biofilm,0.387916706
Biofilm,0.025978996
Biofilm,0.176463247
Biofilm,0.231679427
Biofilm,0.014971895
Biofilm,0.710829243
Biofilm,0.54096009
Biofilm,0.01908076
Biofilm,0.060039693
Biofilm,0.123168537
Biofilm,0.095991632
Biofilm,0.102646447
Biofilm,0.12774243
Biofilm,0.199258203
Biofilm,0.027590541
Biofilm,0.34619761
Biofilm,0.099418771
Biofilm,0.188729439
Biofilm,0.377517463
Biofilm,0.380292964
Biofilm,0.637569552
Biofilm,0.240796259
Biofilm,0.425471455
Biofilm,0.46162346
Biofilm,0.512139835
Biofilm,0.45105028
Biofilm,0.388366525
Biofilm,0.369146707
Biofilm,0.109887165
Biofilm,0.159370518
Biofilm,0.018776052
Biofilm,0.596860066
Biofilm,0.237512152
Biofilm,0.083559087
Biofilm,0.622773575
Biofilm,0.155534405
Biofilm,0.131168748
Biofilm,0.278188531
Biofilm,0.038010821
Biofilm,0.21103466
Biofilm,0.116384288
Biofilm,0.066554929
Biofilm,0.241966309
Biofilm,0.218826352
Biofilm,0.051544294
Biofilm,0.342495743
Biofilm,0.121782741
Biofilm,0.143503153
Biofilm,0.113172918
Biofilm,0.040721952
Biofilm,0.633709063
Biofilm,0.061086396
Biofilm,0.191208032
Biofilm,0.323873214
Biofilm,0.149749517
Biofilm,0.166584164
Biofilm,0.499047402
Biofilm,0.502866285
Biofilm,0.125084391
Biofilm,0.088845102
Biofilm,0.089209871
Biofilm,0.071761885
Biofilm,0.057562939
Biofilm,0.023524337
Biofilm,0.486620874
Biofilm,0.52416209
Biofilm,0.382415447
Biofilm,0.143985829
Biofilm,0.042615592
Biofilm,0.466634838
Biofilm,0.151783801
Biofilm,0.214524042
Biofilm,0.156881497
Biofilm,0.325652649
Biofilm,0.049377973
Biofilm,0.074646324
Biofilm,0.288047394
Biofilm,0.544033088
Biofilm,0.075035102
Biofilm,0.008695737
Biofilm,0.102149539
Biofilm,0.842320207
Biofilm,0.096216158
Biofilm,0.11517784
Biofilm,0.000606572
Biofilm,0.035428974
Biofilm,0.239169232
Biofilm,0.272516091
Biofilm,0.246513827
Biofilm,0.332160446
Biofilm,0.037435751
Biofilm,0.057749934
Biofilm,0.066495506
Biofilm,0.007068872
Biofilm,0.318641356
Biofilm,0.264140921
Biofilm,0.439577792
Biofilm,0.283722532
Biofilm,0.135522201
Biofilm,0.211605048
Biofilm,0.281629444
Biofilm,0.104031471
Biofilm,0.080736656
Biofilm,0.134522252
Biofilm,0.129385844
Biofilm,0.362661047
Biofilm,0.343187442
Biofilm,0.537730077
Biofilm,0.254332812
Biofilm,0.335592327
Biofilm,0.069005901
Biofilm,0.374684987
Biofilm,0.13831236
Biofilm,0.869566565
Biofilm,0.172873716
Biofilm,0.362938436
Biofilm,0.146532287
Biofilm,0.122136248
Biofilm,0.409537479
Biofilm,0.022258948
Biofilm,0.184769035
Biofilm,0.662670202
Biofilm,0.032257671
Biofilm,0.052328064
Biofilm,0.005368756
Biofilm,0.577268956
Biofilm,0.102035738
Biofilm,0.107529821
Biofilm,0.189478025
Biofilm,0.339860361
Biofilm,0.337072609
Biofilm,0.270066709
Biofilm,0.211423938
Biofilm,0.180090598
Biofilm,0.166403134
Biofilm,0.342896951
Biofilm,0.651989522
Biofilm,0.014161227
Biofilm,0.339910595
Biofilm,0.456417415
Biofilm,0.089986533
Biofilm,0.693367239
Biofilm,0.220953692
Biofilm,0.796432577
Biofilm,0.648569764
Biofilm,0.211783117
Biofilm,0.194852737
Biofilm,0.060865866
Biofilm,0.166279012
Biofilm,0.235544178
Biofilm,0.235787243
Biofilm,0.012921006
Biofilm,0.258791641
Biofilm,0.12061613
Biofilm,0.078915102
Biofilm,0.054193352
Biofilm,0.101056614
Biofilm,0.239144257
Biofilm,0.094769529
Biofilm,0.659091744
Biofilm,0.030489653
Biofilm,0.544755273
Biofilm,0.140188326
Biofilm,0.141133416
Biofilm,0.073641528
Biofilm,0.2895895
Biofilm,0.196826275
Biofilm,0.089943297
Biofilm,0.166091185
Biofilm,0.005764898
Biofilm,0.375504243
Biofilm,0.003545469
Biofilm,0.121944349
Biofilm,0.007111784
Biofilm,0.017121023
Biofilm,0.027037203
Biofilm,0.336543384
Biofilm,0.060434671
Biofilm,0.276528128
Biofilm,0.118992002
Biofilm,0.00447986
Biofilm,0.025733882
Biofilm,0.015915918
Biofilm,0.216314624
Biofilm,0.613071272
Biofilm,0.500828324
Biofilm,0.274200432
Biofilm,0.176537201
Biofilm,0.10573541
Biofilm,0.333637757
Biofilm,0.320970525
Biofilm,0.218578313
Biofilm,0.404319828
Biofilm,0.248713794
Biofilm,0.328269307
Biofilm,0.559074041
Biofilm,0.744902946
Biofilm,0.240080519
Biofilm,0.16625096
Biofilm,0.042910266
Biofilm,0.046411071
Biofilm,0.116318885
Biofilm,0.713850389
Biofilm,0.228605461
Biofilm,0.382869706
Biofilm,0.029828376
Biofilm,0.064268319
Biofilm,0.549409988
Biofilm,0.212861644
Biofilm,0.081206818
Biofilm,0.329089071
Biofilm,0.206472775
Biofilm,0.242594168
Biofilm,0.828391702
Biofilm,0.424909526
Biofilm,0.165985971
Biofilm,0.006785654
Biofilm,0.709657372
Biofilm,0.198285451
Biofilm,0.120179049
Biofilm,0.537719399
Biofilm,0.494749869
Biofilm,0.254179371
Biofilm,0.103425622
Biofilm,0.327693918
Biofilm,0.016006422
Biofilm,0.017937061
Biofilm,0.134584471
Biofilm,0.76752222
Biofilm,0.265797556
Biofilm,0.221314434
Biofilm,0.180013169
Biofilm,0.350437754
Biofilm,0.059414065
Biofilm,0.134935771
Biofilm,0.169549974
Biofilm,0.565180474
Biofilm,0.688377111
Biofilm,0.19260342
Biofilm,0.436570862
Biofilm,0.242056296
Biofilm,0.040811526
Biofilm,0.433732628
Biofilm,0.008584176
Biofilm,0.150777936
Biofilm,0.42542789
Biofilm,0.177341349
Biofilm,0.255460776
Biofilm,0.058000184
Biofilm,0.104639387
Biofilm,0.089519194
Biofilm,0.204526032
Biofilm,0.065947619
Biofilm,0.183364966
Biofilm,0.150346024
Biofilm,0.31519002
Biofilm,0.181677089
Biofilm,0.008871729
Biofilm,0.111430889
Biofilm,0.072783272
Biofilm,0.06068745
Biofilm,0.04227738
Biofilm,0.10337268
Biofilm,0.833110385
Biofilm,0.089668508
Biofilm,0.276236686
Biofilm,0.250039439
Biofilm,0.294260514
Biofilm,0.371680255
Biofilm,0.45037233
Biofilm,0.187335396
Biofilm,0.164520577
Biofilm,0.195009763
Biofilm,0.153492132
Biofilm,0.313587366
Biofilm,0.12309737
Biofilm,0.115894837
Biofilm,0.048012631
Biofilm,0.093243688
Biofilm,0.218884764
Biofilm,0.214838811
Biofilm,0.347103528
Biofilm,0.538383056
Biofilm,0.17406582
Biofilm,0.296117486
Biofilm,0.207638597
Biofilm,0.407418214
Biofilm,0.107145768
Biofilm,0.686461319
Biofilm,0.407074395
Biofilm,0.73645366
Biofilm,0.235438218
Biofilm,0.133524213
Biofilm,0.508572066
Biofilm,0.046332497
Biofilm,0.097582962
Biofilm,0.237324228
Biofilm,0.371685691
Biofilm,0.395394053
Biofilm,0.1900991
Biofilm,0.244867508
Biofilm,0.34021741
Biofilm,0.470792098
Biofilm,0.104536443
Biofilm,0.507211797
Biofilm,0.122487838
Biofilm,0.100047144
Biofilm,0.602963089
Biofilm,0.678878808
Biofilm,0.510926687
Biofilm,0.141581986
Biofilm,0.262876903
Biofilm,0.002832981
Biofilm,0.376901856
Biofilm,0.051777687
Biofilm,0.396948765
Biofilm,0.006443516
Biofilm,0.274095306
Biofilm,0.195315733
Biofilm,0.053026188
Biofilm,0.625124152
Biofilm,0.0919747
Biofilm,0.42665852
Biofilm,0.11794653
Biofilm,0.233016265
Biofilm,0.126850786
Biofilm,0.324295471
Biofilm,0.066598587
Biofilm,0.353825933
Biofilm,0.149025328
Biofilm,0.526379203
Biofilm,0.444809819
Biofilm,0.850616953
Biofilm,0.393978264
Biofilm,0.483417069
Biofilm,0.124703698
Biofilm,0.230712354
Biofilm,0.02540719
Biofilm,0.231691348
Biofilm,0.269393652
Biofilm,0.058773458
Biofilm,0.416887477
Biofilm,0.050084944
Biofilm,0.311152138
Biofilm,0.092770347
Biofilm,0.055227229
Biofilm,0.153756931
Biofilm,0.041834724
Biofilm,0.017331232
Biofilm,0.373068288
Biofilm,0.123863896
Biofilm,0.439201899
Biofilm,0.411212028
Biofilm,0.053224803
Biofilm,0.10939244
Biofilm,0.049850269
Biofilm,0.146876034
Biofilm,0.175809
Biofilm,0.079446056
Biofilm,0.078402049
Biofilm,0.132180992
Biofilm,0.002183076
Biofilm,0.254951891
Biofilm,0.117224138
Biofilm,0.288199267
Biofilm,0.017608893
Biofilm,0.258357633
Biofilm,0.094245345
Biofilm,0.017476475
Biofilm,0.652291392
Biofilm,0.322812477
Biofilm,0.081588286
Biofilm,0.276335644
Biofilm,0.579209377
Biofilm,0.126014561
Biofilm,0.349294049
Biofilm,0.281326579
Biofilm,0.219356466
Biofilm,0.109727846
Biofilm,0.321252516
Biofilm,0.074785494
Biofilm,0.013551513
Biofilm,0.096674461
Biofilm,0.041150799
Biofilm,0.090328107
Biofilm,0.549218861
Biofilm,0.072578052
Biofilm,0.004794439
Biofilm,0.247582652
Biofilm,0.210797623
Biofilm,0.170145719
Biofilm,6.62E-05
Biofilm,0.108726337
Biofilm,0.40797474
Biofilm,0.428996634
Biofilm,0.103796871
Biofilm,0.384334359
Biofilm,0.009898905
Biofilm,0.191278992
Biofilm,0.046142744
Biofilm,0.048193689
Biofilm,0.304934456
Biofilm,0.786587583
Biofilm,0.247114573
Biofilm,0.036341857
Biofilm,0.002755564
Biofilm,0.000921906
Biofilm,0.270698188
Biofilm,0.855163883
Biofilm,0.122540523
Biofilm,0.091821075
Biofilm,0.22129073
Biofilm,0.249382253
Biofilm,0.022580787
Biofilm,0.175216823
Biofilm,0.474032858
Biofilm,0.492729448
Biofilm,0.620484298
Biofilm,0.072420307
Biofilm,0.424575745
Biofilm,0.129418403
Biofilm,0.078768676
Biofilm,0.344689356
Biofilm,0.055342319
Biofilm,0.01021596
Biofilm,0.058069686
Biofilm,0.168108405
Biofilm,0.223516739
Biofilm,0.300707081
Biofilm,0.056385327
Biofilm,0.02677565
Biofilm,0.105872941
Biofilm,0.095056707
Biofilm,0.621276787
Biofilm,0.208103267
Biofilm,0.172939379
Biofilm,0.414979645
Biofilm,0.561383683
Biofilm,0.125998994
Biofilm,0.141598876
Biofilm,0.040206447
Biofilm,0.22622872
Biofilm,0.373750611
Biofilm,0.172250993
Biofilm,0.140540471
Biofilm,0.215752881
Biofilm,0.173046465
Biofilm,0.232823563
Biofilm,0.061352062
Biofilm,0.425531197
Biofilm,0.204685351
Biofilm,0.498521966
Biofilm,0.154446016
Biofilm,0.173030276
Biofilm,0.019341078
Biofilm,0.27373562
Biofilm,0.092599969
Biofilm,0.45467502
Biofilm,0.026483764
Biofilm,0.071124042
Biofilm,0.686819939
Biofilm,0.132530379
Biofilm,0.084286013
Biofilm,0.098740092
Biofilm,0.259379088
Biofilm,0.505725932
Biofilm,0.220866042
Biofilm,0.156605763
Biofilm,0.041803481
Biofilm,0.289125082
Biofilm,0.245580688
Biofilm,0.007284661
Biofilm,0.048422822
Biofilm,0.168937674
Biofilm,0.056378127
Biofilm,0.786539223
Biofilm,0.13611429
Biofilm,0.365266843
Biofilm,0.775971587
Biofilm,0.69491465
Biofilm,0.324017992
Biofilm,0.369479012
Biofilm,0.568070038
Biofilm,0.026063126
Biofilm,0.350341671
Biofilm,0.024565275
Biofilm,0.035378401
Biofilm,0.55631445
Biofilm,0.20942519
Biofilm,0.036177969
Biofilm,0.666434948
Biofilm,0.253537192
Biofilm,0.500174069
Biofilm,0.244318387
Biofilm,0.021320149
Biofilm,0.572709691
Biofilm,0.102986901
Biofilm,0.189365082
Biofilm,0.083043583
Biofilm,0.424785448
Biofilm,0.32661814
Biofilm,0.166870124
Biofilm,0.252795275
Biofilm,0.799774708
Biofilm,0.004432553
Biofilm,0.199744086
Biofilm,0.386928447
Biofilm,0.208383431
Biofilm,0.046423061
Biofilm,0.115697633
Biofilm,0.877064486
Biofilm,0.074710277
Biofilm,0.206462183
Biofilm,0.743320151
Biofilm,0.123059841
Biofilm,0.175748574
Biofilm,0.643890997
Biofilm,0.07528099
Biofilm,0.040295267
Biofilm,0.172917264
Biofilm,0.097049887
Biofilm,0.238144134
Biofilm,0.082853618
Biofilm,0.162758453
Biofilm,0.217057224
Biofilm,0.242966938
Biofilm,0.311499107
Biofilm,0.396190669
Biofilm,0.34767505
Biofilm,0.037029513
Biofilm,0.207661536
Biofilm,0.264290619
Biofilm,0.025594808
Biofilm,0.627310572
Biofilm,0.454538865
Biofilm,0.129920274
Biofilm,0.012084897
Biofilm,0.369480953
Biofilm,0.015983693
Biofilm,0.534869416
Biofilm,0.14808937
Biofilm,0.246266006
Biofilm,0.169174761
Biofilm,0.114020197
Biofilm,0.261570675
Biofilm,0.171523283
Biofilm,0.299842225
Biofilm,0.07444438
Biofilm,0.217611736
Biofilm,0.332629336
Biofilm,0.046822007
Biofilm,0.621624466
Biofilm,0.159714635
Biofilm,0.023105021
Biofilm,0.00509774
Biofilm,0.079152622
Biofilm,0.23866839
Biofilm,0.262600273
Biofilm,0.33313142
Biofilm,0.079260423
Biofilm,0.400515602
Biofilm,0.221659128
Biofilm,0.239179861
Biofilm,0.140980931
Biofilm,0.503125639
Biofilm,0.517553124
Biofilm,0.021183097
Biofilm,0.257896054
Biofilm,0.095206081
Biofilm,0.341745805
Biofilm,0.018492351
Biofilm,0.212195235
Biofilm,0.324230023
Biofilm,0.074250015
Biofilm,0.135682002
Biofilm,0.183420145
Biofilm,0.007987976
Biofilm,0.441498331
Biofilm,0.006975706
Biofilm,0.380135386
Biofilm,0.181042654
Biofilm,0.320719785
Biofilm,0.429642236
Biofilm,0.06951235
Biofilm,0.10531783
Biofilm,0.170870954
Biofilm,0.09962248
Biofilm,0.011513627
Biofilm,0.145307768
Biofilm,0.152584697
Biofilm,0.163625632
Biofilm,0.268065311
Biofilm,0.462866026
Biofilm,0.751521585
Biofilm,0.055411991
Biofilm,0.634329062
Biofilm,0.331131169
Algae,0.020942712
Algae,0.092122533
Algae,0.546243059
Algae,0.144559096
Algae,0.057777063
Algae,0.257193658
Algae,0.6038579
Algae,0.391018997
Algae,0.597646456
Algae,0.276985621
Algae,0.013039618
Algae,0.153621277
Algae,0.295130705
Algae,0.290685298
Algae,0.065925043
Algae,0.189062456
Algae,0.200786945
Algae,0.307547481
Algae,0.383351759
Algae,0.325143271
Algae,0.269754035
Algae,0.146318178
Algae,0.031860318
Algae,0.080133614
Algae,0.037835482
Algae,0.569722767
Algae,0.410234621
Algae,0.394430296
Algae,0.094105262
Algae,0.26044692
Algae,0.090876358
Algae,0.762220692
Algae,0.025350411
Algae,0.243639574
Algae,0.253600584
Algae,0.216482091
Algae,0.068970562
Algae,0.631492655
Algae,0.057640874
Algae,0.304984732
Algae,0.069991666
Algae,0.073379756
Algae,0.716040421
Algae,0.040476686
Algae,0.185453391
Algae,0.549211043
Algae,0.158382801
Algae,0.366773287
Algae,0.251337257
Algae,0.0910915
Algae,0.000339049
Algae,0.072633596
Algae,0.029979959
Algae,0.205320259
Algae,0.104993309
Algae,0.326111888
Algae,0.192593449
Algae,0.166834334
Algae,0.153691379
Algae,0.410912121
Algae,0.071066134
Algae,0.06975475
Algae,0.037019804
Algae,0.459359297
Algae,0.023398681
Algae,0.016161738
Algae,0.031007474
Algae,0.060352712
Algae,0.202213984
Algae,0.029081247
Algae,0.155367648
Algae,0.186269076
Algae,0.41549586
Algae,0.471307321
Algae,0.682883583
Algae,0.261283656
Algae,0.019865153
Algae,0.368470545
Algae,0.574214923
Algae,0.057336895
Algae,0.018313543
Algae,0.007230981
Algae,0.043456548
Algae,0.447954893
Algae,0.241717242
Algae,0.03454344
Algae,0.029303509
Algae,0.554541731
Algae,0.086787091
Algae,0.26694263
Algae,0.544596866
Algae,0.110256508
Algae,0.24896598
Algae,0.356367677
Algae,0.11405304
Algae,0.017279492
Algae,0.0863409
Algae,0.223847527
Algae,0.340386548
Algae,0.024287938
Algae,0.371367074
Algae,0.330159632
Algae,0.525836397
Algae,0.111934216
Algae,0.092801205
Algae,0.189303206
Algae,0.430869781
Algae,0.349610144
Algae,0.532860871
Algae,0.142923802
Algae,0.120101913
Algae,0.328453862
Algae,0.026309726
Algae,0.017684356
Algae,0.337609471
Algae,0.018534607
Algae,0.416669724
Algae,0.239089865
Algae,0.155177718
Algae,0.495103974
Algae,0.248503817
Algae,0.106618709
Algae,0.026879638
Algae,0.10869343
Algae,0.443752952
Algae,0.140351135
Algae,0.370196452
Algae,0.377390514
Algae,0.258535875
Algae,0.082376213
Algae,0.025038111
Algae,0.041887402
Algae,0.250446217
Algae,0.007549355
Algae,0.470968581
Algae,0.068848597
Algae,0.109187911
Algae,0.115349935
Algae,0.150910103
Algae,0.259790404
Algae,0.042022278
Algae,0.118820877
Algae,0.010962996
Algae,0.3194032
Algae,0.6660955
Algae,0.233409544
Algae,0.107273314
Algae,0.135992734
Algae,0.277887193
Algae,0.566376612
Algae,0.245215735
Algae,0.08221862
Algae,0.135246236
Algae,0.679562382
Algae,0.521119743
Algae,0.766308241
Algae,0.006116904
Algae,0.092436496
Algae,0.398941744
Algae,0.042705206
Algae,0.28770222
Algae,0.019787531
Algae,0.784315753
Algae,0.207694364
Algae,0.056496777
Algae,0.339759883
Algae,0.447394542
Algae,0.250039928
Algae,0.020029268
Algae,0.72446669
Algae,0.082355164
Algae,0.453072373
Algae,0.051156131
Algae,0.041891568
Algae,0.145087757
Algae,0.384999288
Algae,0.058135285
Algae,0.398190818
Algae,0.056250101
Algae,0.108163249
Algae,0.529946336
Algae,0.114286664
Algae,0.008285462
Algae,0.038820406
Algae,0.457188463
Algae,0.383524928
Algae,0.212214315
Algae,0.110473999
Algae,0.509055988
Algae,0.395273999
Algae,0.051686052
Algae,0.269955167
Algae,0.390939953
Algae,0.120251797
Algae,0.135583816
Algae,0.118020702
Algae,0.274868006
Algae,0.316559044
Algae,0.031048498
Algae,0.334199551
Algae,0.005533231
Algae,0.103208685
Algae,0.15903072
Algae,0.203986394
Algae,0.628100818
Algae,0.182180132
Algae,0.054399071
Algae,0.079732046
Algae,0.033972778
Algae,0.082505339
Algae,0.241113383
Algae,0.090304038
Algae,0.1442019
Algae,0.056008166
Algae,0.002433485
Algae,0.068291176
Algae,0.048478959
Algae,0.025500882
Algae,0.093612601
Algae,0.04448281
Algae,0.121030536
Algae,0.343199846
Algae,0.197742241
Algae,0.121300292
Algae,0.345352353
Algae,0.04904682
Algae,0.164275694
Algae,0.129940704
Algae,0.686541086
Algae,0.047688441
Algae,0.356399493
Algae,0.338239738
Algae,0.213859653
Algae,0.013828122
Algae,0.07545819
Algae,0.514925656
Algae,0.119712677
Algae,0.463373564
Algae,0.19375014
Algae,0.0656773
Algae,0.116366596
Algae,0.542628727
Algae,0.650633694
Algae,0.362408472
Algae,0.577354013
Algae,0.054868989
Algae,0.081601751
Algae,0.291448282
Algae,0.063284791
Algae,0.085239079
Algae,0.227751562
Algae,0.167657175
Algae,0.571753576
Algae,0.560720788
Algae,0.019674557
Algae,0.16560731
Algae,0.016151024
Algae,0.067404919
Algae,0.444849956
Algae,0.051844741
Algae,0.392697276
Algae,0.002599587
Algae,0.137848314
Algae,0.44161435
Algae,0.060674982
Algae,0.063278114
Algae,0.062802745
Algae,0.168401341
Algae,0.457869189
Algae,0.550140795
Algae,0.261417176
Algae,0.013952839
Algae,0.227283232
Algae,0.672950516
Algae,0.136461967
Algae,0.003656526
Algae,0.145854855
Algae,0.040528976
Algae,0.265268235
Algae,0.384308292
Algae,0.41520149
Algae,0.090003519
Algae,0.118193301
Algae,0.26739653
Algae,0.407298051
Algae,0.071024308
Algae,0.114793902
Algae,0.301429303
Algae,0.109032647
Algae,0.551909697
Algae,0.062581874
Algae,0.142818949
Algae,0.156047057
Algae,0.228488294
Algae,0.093279554
Algae,0.224963188
Algae,0.174632672
Algae,0.061860116
Algae,0.160308352
Algae,0.0429782
Algae,0.162852532
Algae,0.027171819
Algae,0.490590236
Algae,0.233801891
Algae,0.32465245
Algae,0.404506539
Algae,0.447268426
Algae,0.002747616
Algae,0.108423017
Algae,0.112855218
Algae,0.152192158
Algae,0.004998694
Algae,0.108664029
Algae,0.023753284
Algae,0.075734047
Algae,0.089777747
Algae,0.312685773
Algae,0.130219774
Algae,0.455421143
Algae,0.187773865
Algae,0.043460114
Algae,0.115695594
Algae,0.438854195
Algae,0.063348309
Algae,0.181956765
Algae,0.305649879
Algae,0.152501841
Algae,0.315166049
Algae,0.220332146
Algae,0.247436926
Algae,0.854957461
Algae,0.036768413
Algae,0.164478873
Algae,0.130717048
Algae,0.325911263
Algae,0.195794354
Algae,0.0452044
Algae,0.676594214
Algae,0.282812555
Algae,0.53557907
Algae,0.025665096
Algae,0.701416227
Algae,0.305160759
Algae,0.244771968
Algae,0.125066788
Algae,0.150425397
Algae,0.055473366
Algae,0.216959711
Algae,0.356344281
Algae,0.143316155
Algae,0.689440043
Algae,0.063830028
Algae,0.109963151
Algae,0.04415118
Algae,0.104324693
Algae,0.254454958
Algae,0.630158042
Algae,0.252492935
Algae,0.198744648
Algae,0.119556046
Algae,0.2715392
Algae,0.388674833
Algae,0.024104343
Algae,0.528307028
Algae,0.069280751
Algae,0.598912413
Algae,0.016788233
Algae,0.02311687
Algae,0.384160695
Algae,0.238727977
Algae,0.341713913
Algae,0.642302243
Algae,0.128790715
Algae,0.294497121
Algae,0.236647714
Algae,0.189455624
Algae,0.041318548
Algae,0.106046736
Algae,0.175459991
Algae,0.403988893
Algae,0.346310908
Algae,0.24179389
Algae,0.388418858
Algae,0.044834342
Algae,0.23807513
Algae,0.118200185
Algae,0.048257037
Algae,0.226291961
Algae,0.074144719
Algae,0.361611522
Algae,0.172374006
Algae,0.305476694
Algae,0.691178988
Algae,0.404245005
Algae,0.022734038
Algae,0.197056211
Algae,0.146519478
Algae,0.238589666
Algae,0.02195989
Algae,0.290169615
Algae,0.151182638
Algae,0.22831125
Algae,0.262218462
Algae,0.025114661
Algae,0.264265955
Algae,0.131928319
Algae,0.387250796
Algae,0.154697112
Algae,0.159543262
Algae,0.096396224
Algae,0.017961373
Algae,0.331105782
Algae,0.080832578
Algae,0.011417416
Algae,0.106798708
Algae,0.084825607
Algae,0.111639018
Algae,0.123724199
Algae,0.024558404
Algae,0.015900796
Algae,0.105137038
Algae,0.128370303
Algae,0.129090797
Algae,0.031224804
Algae,0.061162101
Algae,0.036250074
Algae,0.557597737
Algae,0.191043929
Algae,0.150565893
Algae,0.029477408
Algae,0.178795672
Algae,0.041243318
Algae,0.020597782
Algae,0.415494633
Algae,0.548935051
Algae,0.496217804
Algae,0.026083168
Algae,0.065952256
Algae,0.001156427
Algae,0.146821496
Algae,0.12414358
Algae,0.098606057
Algae,0.086755285
Algae,0.159499231
Algae,0.07836082
Algae,0.405185924
Algae,0.174703383
Algae,0.302683051
Algae,0.419094877
Algae,0.29708927
Algae,0.412749526
Algae,0.174550516
Algae,0.101407138
Algae,0.094671952
Algae,0.168433565
Algae,0.354265028
Algae,0.169882911
Algae,0.212437466
Algae,0.353361618
Algae,0.189902123
Algae,0.096020222
Algae,0.129713669
Algae,0.036011312
Algae,0.179802262
Algae,0.344044474
Algae,0.346131831
Algae,0.087983348
Algae,0.476431588
Algae,0.274621669
Algae,0.000568376
Algae,0.01522978
Algae,0.049318465
Algae,0.037561614
Algae,0.52248779
Algae,0.586671268
Algae,0.149649731
Algae,0.12812039
Algae,0.09425331
Algae,0.311814852
Algae,0.646145364
Algae,0.197834785
Algae,0.07534011
Algae,0.205926758
Algae,0.0391499
Algae,0.09659114
Algae,0.094003141
Algae,0.013297335
Algae,0.065468831
Algae,0.263954899
Algae,0.113766651
Algae,0.374862119
Algae,0.371457788
Algae,0.209400943
Algae,0.029841853
Algae,0.143388038
Algae,0.127531344
Algae,0.12381402
Algae,0.573413087
Algae,0.031146688
Algae,0.375725784
Algae,0.21788118
Algae,0.018470383
Algae,0.050575439
Algae,0.225809003
Algae,0.156025094
Algae,0.373754247
Algae,0.271506971
Algae,0.211418293
Algae,0.350153189
Algae,0.595145816
Algae,0.027498193
Algae,0.304449288
Algae,0.670967775
Algae,0.882398604
Algae,0.762995063
Algae,0.106033788
Algae,0.924177762
Algae,0.054991511
Algae,0.212114842
Algae,0.006245791
Algae,0.352257575
Algae,0.52777182
Algae,0.118179011
Algae,0.017705111
Algae,0.0944163
Algae,0.358251799
Algae,0.130222454
Algae,0.030249791
Algae,0.238441285
Algae,0.06504402
Algae,0.327959398
Algae,0.335984837
Algae,0.119673873
Algae,0.099540812
Algae,0.293694519
Algae,0.13215203
Algae,0.074753312
Algae,0.139606502
Algae,0.299252058
Algae,0.64175114
Algae,0.510531181
Algae,0.295860899
Algae,0.078651333
Algae,0.131652779
Algae,0.236177057
Algae,0.088775962
Algae,0.273788705
Algae,0.20187645
Algae,0.040971333
Algae,0.07404453
Algae,0.611354184
Algae,0.439553768
Algae,0.149250906
Algae,0.130204058
Algae,0.456848644
Algae,0.753350262
Algae,0.367584162
Algae,0.041573966
Algae,0.15681941
Algae,0.281819404
Algae,0.691103772
Algae,0.262632761
Algae,0.345219404
Algae,0.062803007
Algae,0.579764389
Algae,0.218635997
Algae,0.033320394
Algae,0.001258526
Algae,0.794038768
Algae,0.446280709
Algae,0.191679484
Algae,0.304496282
Algae,0.019744958
Algae,0.428639931
Algae,0.026927959
Algae,0.194114847
Algae,0.345286832
Algae,0.029082993
Algae,0.117386477
Algae,0.022490466
Algae,0.004303377
Algae,0.059053018
Algae,0.160916214
Algae,0.109074453
Algae,0.217681479
Algae,0.138376066
Algae,0.294961861
Algae,0.217341908
Algae,0.196878905
Algae,0.085046048
Algae,0.068781735
Algae,0.094706929
Algae,0.276105926
Algae,0.151132929
Algae,0.356318965
Algae,0.25431779
Algae,0.531973153
Algae,0.162329541
Algae,0.01446266
Algae,0.32863502
Algae,0.309836838
Algae,0.300191261
Algae,0.34781767
Algae,0.037426369
Algae,0.396828625
Algae,0.024802629
Algae,0.015892775
Algae,0.20182984
Algae,0.411180118
Algae,0.266934536
Algae,0.171739113
Algae,0.260384548
Algae,0.176467756
Algae,0.472800904
Algae,0.033565659
Algae,0.116569952
Algae,0.023574149
Algae,0.259779143
Algae,0.074197858
Algae,0.015163376
Algae,0.247433853
Algae,0.105790068
Algae,0.609536013
Algae,0.008782823
Algae,0.205334422
Algae,0.373355857
Algae,0.506338136
Algae,0.276566854
Algae,0.286505531
Algae,0.028259237
Algae,0.455135242
Algae,0.052439253
Algae,0.090234281
Algae,0.037880789
Algae,0.902575
Algae,0.048225806
Algae,0.24727796
Algae,0.222090375
Algae,0.447761487
Algae,0.01329781
Algae,0.07838293
Algae,0.065546798
Algae,0.460136686
Algae,0.159029804
Algae,0.321509998
Algae,0.093987155
Algae,0.155939215
Algae,0.050095972
Algae,0.091170674
Algae,0.49326725
Algae,0.595163425
Algae,0.103376891
Algae,0.28988024
Algae,0.06322364
Algae,0.212202203
Algae,0.29336467
Algae,0.232811143
Algae,0.044230828
Algae,0.175930179
Algae,0.142404949
Algae,0.010890435
Algae,0.326140868
Algae,0.186800129
Algae,0.281772178
Algae,0.047025208
Algae,0.040220059
Algae,0.495333334
Algae,0.380491859
Algae,0.301409001
Algae,0.004212103
Algae,0.36795559
Algae,0.165260879
Algae,0.093983414
Algae,0.147307677
Algae,0.456243389
Algae,0.521713265
Algae,0.00827716
Algae,0.216918876
Algae,0.354031313
Algae,0.355579573
Algae,0.116298803
Algae,0.156045032
Algae,0.233735476
Algae,0.409686611
Algae,0.033183135
Algae,0.096241663
Algae,0.244655917
Algae,0.037401414
Algae,0.331458888
Algae,0.075628502
Algae,0.332305316
Algae,0.340838955
Algae,0.030417401
Algae,0.399609949
Algae,0.053800271
Algae,0.146742832
Algae,0.354132173
Algae,0.363796434
Algae,0.53698088
Algae,0.084161549
Algae,0.031298342
Algae,0.238864362
Algae,0.119345309
Algae,0.094755287
Algae,0.051227931
Algae,0.01630936
Algae,0.041350104
Algae,0.39842621
Algae,0.030737904
Algae,0.083600796
Algae,0.151591178
Algae,0.062597434
Algae,0.302998391
Algae,0.138545283
Algae,0.170501293
Algae,0.425524664
Algae,0.044939768
Algae,0.307440297
Algae,0.033588974
Algae,0.066554971
Algae,0.005828944
Algae,0.476382777
Algae,0.044556665
Algae,0.059951267
Algae,0.397889201
Algae,0.023620944
Algae,0.095103015
Algae,0.263993003
Algae,0.558781818
Algae,0.444582317
Algae,0.783141718
Algae,0.38543033
Algae,0.335753162
Algae,0.04441491
Algae,0.63626956
Algae,0.2411941
Algae,0.240957949
Algae,0.360594736
Algae,0.060166926
Algae,0.062762943
Algae,0.622778197
Algae,0.057497938
Algae,0.159881952
Algae,0.731511517
Algae,0.144425052
Algae,0.713208558
Algae,0.227323781
Algae,0.025113187
Algae,0.299614971
Algae,0.128805825
Algae,0.016827504
Algae,0.146528937
Algae,0.067764874
Algae,0.013198703
Algae,0.249881407
Algae,0.569697797
Algae,0.753681851
Algae,0.030125733
Algae,0.005719304
Algae,0.185153154
Algae,0.051510723
Algae,0.142318885
Algae,0.394491896
Algae,0.498414385
Algae,0.210062235
Algae,0.262784602
Algae,0.416826142
Algae,0.285124879
Algae,0.028635369
Algae,0.222659743
Algae,0.033431211
Algae,0.29342624
Algae,0.268412568
Algae,0.084010901
Algae,0.288872777
Algae,0.63925896
Algae,0.079498432
Algae,0.226359975
Algae,0.235704062
Algae,0.164632015
Algae,0.158034886
Algae,0.068149272
Algae,0.094676091
Algae,0.011433057
Algae,0.016096183
Algae,0.140502315
Algae,0.052843363
Algae,0.161727694
Algae,0.202813096
Algae,0.071946791
Algae,0.375794942
Algae,0.071380877
Algae,0.105637537
Algae,0.063206102
Algae,0.189353312
Algae,0.156411547
Algae,0.006022926
Algae,0.302081595
Algae,0.233306827
Algae,0.050296076
Algae,0.478692061
Algae,0.189965531
Algae,0.008444901
Algae,0.024099028
Algae,0.095920891
Algae,0.063532063
Algae,0.060012187
Algae,0.119464211
Algae,0.237102328
Algae,0.266143203
Algae,0.087655381
Algae,0.115562579
Algae,0.319765279
Algae,0.339292901
Algae,0.707019522
Algae,0.078002065
Algae,0.03998741
Algae,0.107012032
Algae,0.006172668
Algae,0.045835577
Algae,0.18892868
Algae,0.461823539
Algae,0.165941971
Algae,0.134984512
Algae,0.007145507
Algae,0.150203694
Algae,0.018872552
Algae,0.105083445
Algae,0.304643181
Algae,0.043291604
Algae,0.059496501
Algae,0.289093755
Algae,0.233633794
Algae,0.185753628
Algae,0.577468724
Algae,0.258758447
Algae,0.183260103
Algae,0.735250091
Algae,0.047758155
Algae,0.132223857
Algae,0.147695515
Algae,0.210827653
Algae,0.873205422
Algae,0.71684029
Algae,0.118516657
Algae,0.206406778
Algae,0.178921778
Algae,0.014747947
Algae,0.275415627
Algae,0.089845003
Algae,0.039791286
Algae,0.03840697
Algae,0.051679797
Algae,0.089107287
Algae,0.166953865
Algae,0.174109627
Algae,0.539429482
Algae,0.048110804
Algae,0.341567816
Algae,0.653444338
Algae,0.133323679
Algae,0.088889028
Algae,0.164335842
Algae,0.301523651
Algae,0.225046253
Algae,0.123540069
Algae,0.041278358
Algae,0.021986635
Algae,0.118005085
Algae,0.201805852
Algae,0.043956209
Algae,0.15167135
Algae,0.025518684
Algae,0.196411522
Algae,0.051282365
Algae,0.121978306
Algae,0.149679397
Algae,0.537297652
Algae,0.29137139
Algae,0.066189932
Algae,0.174121734
Algae,0.133830817
Algae,0.156637362
Algae,0.401514368
Algae,0.200318426
Algae,0.017214755
Algae,0.073129795
Algae,0.008796424
Algae,0.436211455
Algae,0.047746768
Algae,0.661119491
Algae,0.831165508
Algae,0.072255181
Algae,0.215294831
Algae,0.414402163
Algae,0.017549855
Algae,0.220176395
Algae,0.280982075
Algae,0.215706275
Algae,0.305202731
Algae,0.21047626
Algae,0.181485066
Algae,0.058527091
Algae,0.058216592
Algae,0.113868316
Algae,0.422767642
Algae,0.24946527
Algae,0.142350951
Algae,0.020588416
Algae,0.10935076
Algae,0.138908925
Algae,0.064895828
Algae,0.486492261
Algae,0.041987249
Algae,0.128650885
Algae,0.332839253
Algae,0.178045096
Algae,0.147012309
Algae,0.00543918
Algae,0.16219007
Algae,0.147171923
Algae,0.538753788
Algae,0.056437652
Algae,0.238413975
Algae,0.067090906
Algae,0.449300011
Algae,0.309558913
Algae,0.368384658
Algae,0.288630865
Algae,0.048188673
Algae,0.072497347
Algae,0.391120134
Algae,0.297260422
Algae,0.378782257
Algae,0.061365497
Algae,0.617469245
Algae,0.16168072
Algae,0.04152292
Algae,0.024295536
Algae,0.04086545
Algae,0.018467639
Algae,0.123101361
Algae,0.146789031
Algae,0.338737882
Algae,0.654778423
Algae,0.382074293
Algae,0.46429356
Algae,0.014086481
Algae,0.062971661
Algae,0.085303574
Algae,0.415427124
Algae,0.517506335
Algae,0.168408452
Algae,0.06328774
Algae,0.192069904
Algae,0.060299714
Algae,0.444898556
Algae,0.06149055
Algae,0.260518715
Algae,0.030883644
Algae,0.046066175
Algae,0.019134002
Algae,0.227069262
Algae,0.007719928
Algae,0.481559401
Algae,0.101855921
Algae,0.200482372
Algae,0.193302113
Algae,0.086377774
Algae,0.195331997
Algae,0.108094577
Algae,0.263187375
Algae,0.278021498
Algae,0.30089084
Algae,0.2785666
Algae,0.170514105
Algae,0.185247601
Algae,0.107719347
Algae,0.060019863
Algae,0.122208543
Algae,0.082746245
Algae,0.046363582
Algae,0.465032852
Algae,0.036826764
Algae,0.022588458
Algae,0.859499331
Algae,0.069273217
Algae,0.184942483
Algae,0.364977161
Algae,0.359227141
Algae,0.264559138
Algae,0.131241688
Algae,0.480117182
Algae,0.327208701
Algae,0.225359865
Algae,0.281960931
Algae,0.333252053
Algae,0.341726403
Algae,0.236637358
Algae,0.465889057
Algae,0.120282613
Algae,0.062359995
Algae,0.032507251
Algae,0.051219399
Algae,0.26883353
Algae,0.118138949
Algae,0.211878351
Algae,0.77750436
Algae,0.144232708
Algae,0.253862631
Algae,0.161691327
Algae,0.057923109
Algae,0.008275287
Algae,0.106447067
Algae,0.352258656
Algae,0.097343801
Algae,0.158593913
Algae,0.001865141
Algae,0.018328058
Algae,0.290804875
Algae,0.176923304
Algae,0.421483766
Algae,0.356363403
Algae,0.065227635
Algae,0.072979069
Algae,0.086288403
Algae,0.169152235
Algae,0.136288736
Algae,0.128889373
Algae,0.290122991
Algae,0.878790075
Algae,0.212173152
Algae,0.145659062
Algae,0.296845868
Algae,0.020830855
Algae,9.40E-05
Algae,0.081732376
Algae,0.12784613
Algae,0.226396743
Algae,0.12501717
Algae,0.372103822
Algae,0.764923275
Algae,0.059915383
Algae,0.291669231
Algae,0.418639879
Algae,0.076451367
Algae,0.192736746
Algae,0.044202728
Algae,0.175747624
Algae,0.160590562
Algae,0.146693138
Algae,0.337441371
Algae,0.007430669
Algae,0.462424727
Algae,0.365543576
Algae,0.195901549
Algae,0.180070696
Algae,0.067389154
Algae,0.073839384
Algae,0.031205633
Algae,0.458235223
Algae,0.064820845
Algae,0.289590374
Algae,0.484175971
Algae,0.074186367
Algae,0.231332913
Algae,0.095356113
Algae,0.153557062
Algae,0.111728661
Algae,0.425402724
Algae,0.04928528
Algae,0.157987655
Algae,0.011449087
Algae,0.175918852
Algae,0.15645326
Algae,0.014882951
Algae,0.015853345
Algae,0.183870136
Algae,0.006163831
Algae,0.09985735
Algae,0.005721377
Algae,0.022631283
Algae,0.330206998
Algae,0.225672996
Algae,0.105997727
Algae,0.460459341
Algae,0.314733433
Algae,0.271725652
Algae,0.026532557
Algae,0.061438359
Algae,0.00922657
Algae,0.035465447
Algae,0.081678709
Algae,0.582879981
Algae,0.202210409
Algae,0.079291857
Algae,0.092243253
Algae,0.63858967
Algae,0.086657451
Algae,0.333841635
Algae,0.042227916
Algae,0.113750998
Algae,0.501954205
Algae,0.127446318
Algae,0.005745042
Algae,0.597885662
Algae,0.243957423
Algae,0.046427172
Algae,0.082247608
Algae,0.195007276
Algae,0.370488741
Algae,0.231773128
Algae,0.076890291
Algae,0.293543713
Algae,0.233235756
Algae,0.537007409
Algae,0.060272171
Algae,0.050345647
Algae,0.186999906
Algae,0.389623068
Algae,0.407789157
Algae,0.195521474
Algae,0.227790448
Algae,0.278238299
Algae,0.007814165
Algae,0.224041596
Algae,0.272218589
Algae,0.052977279
Algae,0.052553506
Algae,0.206308952
Algae,0.02701212
Algae,0.202128544
Algae,0.433462505
Algae,0.270101019
Algae,0.53764433
Algae,0.54711745
Algae,0.343183451
Algae,0.054279845
Algae,0.004676578
Algae,0.110570036
Algae,0.456127868
Algae,0.603987434
Algae,0.189889951
Algae,0.0484751
Algae,0.049579674
Algae,0.52214793
Algae,0.31904964
Algae,0.053072405
Algae,0.796284476
Algae,0.272814307
Algae,0.222035703
Algae,0.309498939
Algae,0.21355686
Algae,0.342002271
Algae,0.383553866
Algae,0.347388642
Algae,0.015144284
Algae,0.060663918
Algae,0.254063831
Algae,0.489151263
Algae,0.126061239
Algae,0.234853443
Algae,0.157367989
Algae,0.55299402
Algae,0.162802554
Algae,0.398572682
Algae,0.499095613
Algae,0.408714013
Algae,0.108867495
Algae,0.469218185
Algae,0.011686777
Algae,0.560704796
Algae,0.042778993
Algae,0.026592947
Algae,0.150164781
Algae,0.342081247
Algae,0.011659696
Algae,0.112190347
Algae,0.216061048
Algae,0.134705612
Algae,0.082294521
Algae,0.26636116
Algae,0.0908263
Algae,0.542411227
Algae,0.151098508
Algae,0.209963858
Algae,0.12862704
Algae,0.084345585
Algae,0.437097917
Algae,0.195606936
Algae,0.238918309
Algae,0.093926846
Algae,0.0426362
Algae,0.03814057
Algae,0.223196167
Algae,0.334030594
Algae,0.011015473
Algae,0.062629648
Algae,0.037211003
Algae,0.443826417
Algae,0.059572976
Algae,0.457966268
Algae,0.164968283
Algae,0.297037489
Algae,0.048808573
Algae,0.770531157
Algae,0.433972632
Algae,0.09427888
Algae,0.059754201
Algae,0.216615325
Algae,0.260672676
Algae,0.068174209
Algae,0.310609526
Algae,0.192495313
Algae,0.151047073
Algae,0.168385469
Algae,0.002732336
Algae,0.25732113
Algae,0.326264188
Algae,0.318375221
Algae,0.279699736
Algae,0.123991093
Algae,0.209125041
Algae,0.030751118
Algae,0.315831865
Algae,0.11186241
Algae,0.355001265
Algae,0.172550829
Algae,0.062367642
Algae,0.289927215
Algae,0.096183083
Algae,0.551947402
Algae,0.236058723
Algae,0.612297458
Algae,0.102583572
Algae,0.030649368
Algae,0.529304802
Algae,0.17269393
Algae,0.871629514
Algae,0.042788224
Algae,0.011128705
Algae,0.402339929
Algae,0.544363466
Algae,0.002419748
Algae,0.199041464
Algae,0.603757388
Algae,0.071726168
Algae,0.136424515
Algae,0.020915365
Algae,0.21790134
Algae,0.589901024
Algae,0.02071717
Algae,0.615586256
Algae,0.449503709
Algae,0.092740395
Algae,0.069790569
Algae,0.176181578
Algae,0.690437957
Algae,0.198906496
Algae,0.234830095
Algae,0.20352936
Algae,0.097276556
Algae,0.222335239
Algae,0.074433694
Algae,0.374797645
Algae,0.379929776
Algae,0.313847793
Algae,0.367397826
Algae,0.359539827
Algae,0.808521556
Algae,0.04445606
Algae,0.143642233
Algae,0.03949431
Algae,0.04151397
Algae,0.253852251
Algae,0.007645129
Algae,0.129258868
Algae,0.146116617
Algae,0.009842657
Algae,0.105589124
Algae,0.240488495
Algae,0.163892797
Algae,0.026455298
Algae,0.101289201
Algae,0.275356424
Algae,0.112620062
Algae,0.183963237
Algae,0.044134396
Algae,0.166146836
Algae,0.345264296
Algae,0.619821508
Algae,0.214636086
Algae,0.415601133
Algae,0.042849668
Algae,0.373595184
Algae,0.143994958
Algae,0.045140336
Algae,0.026843191
Algae,0.60700549
Algae,0.436689032
Algae,0.249842295
Algae,0.298016341
Algae,0.296569733
Algae,0.272015566
Algae,0.071806104
Algae,0.258418349
Algae,0.597075444
Algae,0.01515542
Algae,0.171272297
Algae,0.376694441
Algae,0.223028012
Algae,0.076281988
Algae,0.504535635
Algae,0.049293901
Algae,0.127103007
Algae,0.243269552
Algae,0.121687839
Algae,0.114884206
Algae,0.291219212
Algae,0.571814825
Algae,0.388658848
Algae,0.523664117
Algae,0.149357906
Algae,0.213006939
Algae,0.057689263
Algae,0.277615468
Algae,0.254258764
Algae,0.120567958
Algae,0.056177059
Algae,0.124055293
Algae,0.03135203
Algae,0.256218935
Algae,0.461268549
Algae,0.023935565
Algae,0.237861809
Algae,0.387868636
Algae,0.008289577
Algae,0.103398081
Algae,0.142886426
Algae,0.055004051
Algae,0.051257104
Algae,0.061307576
Algae,0.042281133
Algae,0.151700066
Algae,0.454331215
Algae,0.043824446
Algae,0.134529095
Algae,0.000434944
Algae,0.107974968
Algae,0.263313931
Algae,0.020966026
Algae,0.057283783
Algae,0.070363771
Algae,0.293285712
Algae,0.223630508
Algae,0.479084596
Algae,0.202695737
Algae,0.241650864
Algae,0.631160558
Algae,0.196596383
Algae,0.069934728
Algae,0.167015917
Algae,0.023176481
Algae,0.23539516
Algae,0.02343529
Algae,0.463381621
Algae,0.101289507
Algae,0.004353913
Algae,0.309934555
Algae,0.057333764
Algae,0.076651766
Algae,0.345638286
Algae,0.072020264
Algae,0.018970481
Algae,0.294109184
Algae,0.136080338
Algae,0.023152786
Algae,0.064531733
Algae,0.210457112
Algae,0.247499022
Algae,0.083312476
Algae,0.022713866
Algae,0.162154339
Algae,0.176269127
Algae,0.216807717
Algae,0.551673693
Algae,0.027252913
Algae,0.019440314
Algae,0.019698106
Algae,0.007480768
Algae,0.060139744
Algae,0.029293865
Algae,0.02432316
Algae,0.483145886
Algae,0.032184497
Algae,0.664770847
Algae,0.661480306
Algae,0.327001932
Algae,0.390647088
Algae,0.284843226
Algae,0.007879468
Algae,0.096498878
Algae,0.000804094
Algae,0.014524934
Algae,0.083036548
Algae,0.009190207
Algae,0.273160495
Algae,0.229781213
Algae,0.144686849
Algae,0.372859206
Algae,0.472897128
Algae,0.033278269
Algae,0.137128081
Algae,0.048158408
Algae,0.083218576
Algae,0.075131596
Algae,0.08998804
Algae,0.462660452
Algae,0.136744596
Algae,0.416934256
Algae,0.186108277
Algae,0.006752006
Algae,0.221704483
Algae,0.015602786
Algae,0.138381651
Algae,0.49540127
Algae,0.085558974
Algae,0.149279681
Algae,0.733314852
Algae,0.181556974
Algae,0.296991218
Algae,0.258488325
Algae,0.012589822
Algae,0.176739913
Algae,0.092566985
Algae,0.355910366
Algae,0.176743096
Algae,0.016280444
Algae,0.292067174
Algae,0.10324303
Algae,0.17664442
Algae,0.604852012
Algae,0.024335271
Algae,0.030392478
Algae,0.074610413
Algae,0.014373889
Algae,0.880503581
Algae,0.257472303
Algae,0.142001622
Algae,0.089667644
Algae,0.353262796
Algae,0.157148564
Algae,0.1190635
Algae,0.423584681
Algae,0.326428623
Algae,0.226556886
Algae,0.342031037
Algae,0.086010764
Algae,0.592209211
Algae,0.189947943
Algae,0.224004389
Algae,0.074686177
Algae,0.078809309
Algae,0.497787148
Algae,0.098427913
Algae,0.58664671
Algae,0.275165905
Algae,0.384331454
Algae,0.090606571
Algae,0.359545052
Algae,0.114103523
Algae,0.050034812
Algae,0.092219032
Algae,0.41412823
Algae,0.012953486
Algae,0.197860409
Algae,0.092202218
Algae,0.200447315
Algae,0.429497062
Algae,0.369468705
Algae,0.231965849
Algae,0.017930818
Algae,0.144174881
Algae,0.023033206
Algae,0.245755891
Algae,0.540596673
Algae,0.228126791
Algae,0.215017096
Algae,0.49014935
Algae,0.188011781
Algae,0.009242783
Algae,0.370823264
Algae,0.046952097
Algae,0.103099876
Algae,0.538908739
Algae,0.291946366
Algae,0.088240274
Algae,0.103985962
Algae,0.15190652
Algae,0.04773525
Algae,0.242625983
Algae,0.262960536
Algae,0.686271138
Algae,0.082330881
Algae,0.017452415
Algae,0.212806741
Algae,0.031502261
Algae,0.138415432
Algae,0.055363262
Algae,0.020954535
Algae,0.061642032
Algae,0.305119611
Algae,0.018746037
Algae,0.35073929
Algae,0.081828756
Algae,0.049353414
Algae,0.446037681
Algae,0.162412221
Algae,0.034183779
Algae,0.391186403
Algae,0.068693992
Algae,0.19311917
Algae,0.511455599
Algae,0.007353805
Algae,0.448075352
Algae,0.096137033
Algae,0.189960528
Algae,0.293128055
Algae,0.469419279
Algae,0.088876803
Algae,0.216811651
Algae,0.077566489
Algae,0.086931933
Algae,0.074553723
Algae,0.587754664
Algae,0.277072639
Algae,0.064423793
Algae,0.521383533
Algae,0.051683927
Algae,0.061536515
Algae,0.073918623
Algae,0.386699007
Algae,0.123791517
Algae,0.173037623
Algae,0.204755229
Algae,0.027503511
Algae,0.114219932
Algae,0.733390417
Algae,0.185646172
Algae,0.606967063
Algae,0.056316706
Algae,0.39679782
Algae,0.079616776
Algae,0.496642047
Algae,0.342764568
Algae,0.03221768
Algae,0.062243075
Algae,0.306133222
Algae,0.188260758
Algae,0.373553886
Algae,0.339196189
Algae,0.158645806
Algae,0.699093945
Algae,0.052631999
Algae,0.400038981
Algae,0.641136345
Algae,0.025128862
Algae,0.356481486
Algae,0.438044375
Algae,0.092844951
Algae,0.136960204
Algae,0.067292276
Algae,0.915503327
Algae,0.035586532
Algae,0.727206242
Algae,0.100969682
Algae,0.150481604
Algae,0.090181323
Algae,0.213664132
Algae,0.167370565
Algae,0.259996248
Algae,0.246495404
Algae,0.368848455
Algae,0.259453792
Algae,0.640563169
Algae,0.184014911
Algae,0.247637206
Algae,0.09469515
Algae,0.205259988
Algae,0.108166993
Algae,0.475107357
Algae,0.110832451
Algae,0.221402455
Algae,0.121639766
Algae,0.099764413
Algae,0.457353233
Algae,0.405037242
Algae,0.080218433
Algae,0.30822042
Algae,0.038418402
Algae,0.024136659
Algae,0.227464721
Algae,0.002839163
Algae,0.482112129
Algae,0.0298065
Algae,0.48323104
Algae,0.389878903
Algae,0.130757483
Algae,0.574933614
Algae,0.068724716
Algae,0.02253841
Algae,0.006715486
Algae,0.243363931
Algae,0.263310115
Algae,0.263459397
Algae,0.923883268
Algae,0.21787388
Algae,0.305691238
Algae,0.151198332
Algae,0.041202183
Algae,0.431436399
Algae,0.150001062
Algae,0.019843646
Algae,0.417514431
Algae,0.107320514
Algae,0.012602872
Algae,0.07998071
Algae,0.190999096
Algae,0.308505226
Algae,0.064101944
Algae,0.060436011
Algae,0.392530819
Algae,0.886512504
Algae,0.049420734
Algae,0.121835432
Algae,0.399159753
Algae,0.57317933
Algae,0.187963875
Algae,0.612810745
Algae,0.024245832
Algae,0.01269388
Algae,0.028791495
Algae,0.055020987
Algae,0.150538194
Algae,0.482141801
Algae,0.858146284
Algae,0.02126345
Algae,0.107088165
Algae,0.041216825
Algae,0.278512451
Algae,0.362459286
Algae,0.041067825
Algae,0.013139811
Algae,0.205724844
Algae,0.1183177
Algae,0.247820054
Algae,0.30983205
Algae,0.141024723
Algae,0.131678804
Algae,0.622253063
Algae,0.369530834
Algae,0.034097109
Algae,0.265692233
Algae,0.110065161
Algae,0.25823283
Algae,0.025327265
Algae,0.53221942
Algae,0.116607431
Algae,0.675941619
Algae,0.420658452
Algae,0.141427163
Algae,0.057711237
Algae,0.471835479
Algae,0.019479249
Algae,0.253329417
Algae,0.097784405
Algae,0.148599098
Algae,0.316788374
Algae,0.520278131
Algae,0.324161446
Algae,0.339252584
Algae,0.260853881
Algae,0.277578012
Algae,0.521910355
Algae,0.060814232
Algae,0.356007767
Algae,0.716471652
Algae,0.363128808
Algae,0.680346929
Algae,0.326824453
Algae,0.443646626
Algae,0.325511647
Algae,0.089311565
Algae,0.224823911
Algae,0.175630592
Algae,0.379598008
Algae,0.541425839
Algae,0.259821133
Algae,0.276082705
Algae,0.230667139
Algae,0.285372993
Algae,0.178238519
Algae,0.049641984
Algae,0.506455435
Algae,0.512167686
Algae,0.3968872
Algae,0.134337933
Algae,0.04822254
Algae,0.302736449
Algae,0.217076239
Algae,0.393925354
Algae,0.052618631
Algae,0.070422613
Algae,0.146180261
Algae,0.36436961
Algae,0.110696688
Algae,0.216152851
Algae,0.039507823
Algae,0.791451875
Algae,0.30583457
Algae,0.068349324
Algae,0.147903216
Algae,0.211324687
Algae,0.013660444
Algae,0.053811099
Algae,0.47298947
Algae,0.120182104
Algae,0.043002568
Algae,0.164626631
Algae,0.426197408
Algae,0.092366662
Algae,0.153488478
Algae,0.55865595
Algae,0.491691746
Algae,0.01061227
Algae,0.465629535
Algae,0.044544023
Algae,0.156721514
Algae,0.067922148
Algae,0.269797346
Algae,0.134635423
Algae,0.108722667
Algae,0.480476057
Algae,0.05557633
Algae,0.495293307
Algae,0.324482368
Algae,0.339605047
Algae,0.101482636
Algae,0.389005131
Algae,0.008228645
Algae,0.157475238
Algae,0.105481314
Algae,0.087640824
Algae,0.511221232
Algae,0.262671218
Algae,0.382526294
Algae,0.223939773
Algae,0.0342707
Algae,0.104095547
Algae,0.050953643
Algae,0.599971168
Algae,0.234906669
Algae,0.080560345
Algae,0.329047952
Algae,0.410644416
Algae,0.337948617
Algae,0.19175154
Algae,0.227198672
Algae,0.008855817
Algae,0.150900176
Algae,0.230224064
Algae,0.397012179
Algae,0.387247598
Algae,0.027704651
Algae,0.446723552
Algae,0.29652736
Algae,0.338772604
Algae,0.163619127
Algae,0.074204483
Algae,0.027647858
Algae,0.315096441
Algae,0.042513415
Algae,0.065625666
Algae,0.36165679
Algae,0.432626619
Algae,0.151557504
Algae,0.110259719
Algae,0.187475729
Algae,0.352404851
Algae,0.183190448
Algae,0.028898533
Algae,0.06095831
Algae,0.107917686
Algae,0.055148191
Algae,0.394743871
Algae,0.572425609
Algae,0.115666748
Algae,0.043947692
Algae,0.270430215
Algae,0.467009159
Algae,0.206562551
Algae,0.415075473
Algae,0.234382154
Algae,0.002473949
Algae,0.401556582
Algae,0.246701563
Algae,0.021622844
Algae,0.382419759
Algae,0.026856052
Algae,0.244322426
Algae,0.248083028
Algae,0.230469516
Algae,0.092534925
Algae,0.094115634
Algae,0.093428259
Algae,0.219154407
Algae,0.208147034
Algae,0.11718491
Algae,0.711603575
Algae,0.278213071
Algae,0.090423213
Algae,0.41819663
Algae,0.051851488
Algae,0.184612768
Algae,0.139338903
Algae,0.133315643
Algae,0.131981041
Algae,0.074156572
Algae,0.071354387
Algae,0.214241334
Algae,0.396600349
Algae,0.017297355
Algae,0.132944634
Algae,0.06389282
Algae,0.132215802
Algae,0.347957522
Algae,0.187643016
Algae,0.042914884
Algae,0.114020271
Algae,0.037776977
Algae,0.189186219
Algae,0.004079564
Algae,0.112801572
Algae,0.265236635
Algae,0.60636063
Algae,0.291930631
Algae,0.839284063
Algae,0.351539948
Algae,0.120608823
Algae,0.052937751
Algae,0.159622342
Algae,0.030170847
Algae,0.125521983
Algae,0.318537803
Algae,0.499946122
Algae,0.167796393
Algae,0.190659602
Algae,0.041472326
Algae,0.658788301
Algae,0.287647916
Algae,0.253961652
Algae,0.389618893
Algae,0.096397544
Algae,0.165855398
Algae,0.736181191
Algae,0.22186416
Algae,0.275128707
Algae,0.512449751
Algae,0.063049276
Algae,0.024776338
Algae,0.25285462
Algae,0.07423792
Algae,0.292691311
Algae,0.307889501
Algae,0.140856207
Algae,0.25682664
Algae,0.197334799
Algae,0.190467526
Algae,0.347873991
Algae,0.338416632
Algae,0.121876683
Algae,0.356047998
Algae,0.117698377
Algae,0.032688294
Algae,0.274019092
Algae,0.296623663
Algae,0.040857156
Algae,0.44755617
Algae,0.898699138
Algae,0.154809817
Algae,0.152668554
Algae,0.479063478
Algae,0.220731261
Algae,0.456493167
Algae,0.1208312
Algae,0.652390783
Algae,0.13756702
Algae,0.046158227
Algae,0.065826399
Algae,0.284109894
Algae,0.654392569
Algae,0.206191111
Algae,0.331231168
Algae,0.027422318
Algae,0.010347736
Algae,0.379879937
Algae,0.428709853
Algae,0.278255365
Algae,0.363514216
Algae,0.116524001
Algae,0.015264823
Algae,0.226353802
Algae,0.03153864
Algae,0.104675539
Algae,0.251572933
Algae,0.075747597
Algae,0.456303691
Algae,0.467274245
Algae,0.728819951
Algae,0.493572385
Algae,0.399311512
Algae,0.207776018
Algae,0.147217689
Algae,0.154419682
Algae,0.661965298
Algae,0.887719691
Algae,0.140473662
Algae,0.699048291
Algae,0.359675894
Algae,0.271489678
Algae,0.222608739
Algae,0.152773703
Algae,0.005958771
Algae,0.652332998
Algae,0.515888632
Algae,0.622525505
Algae,0.103706279
Algae,0.280012639
Algae,0.470959757
Algae,0.381307565
Algae,0.012656444
Algae,0.510707187
Algae,0.483422688
Algae,0.289810862
Algae,0.080798075
Algae,0.022461151
Algae,0.14955974
Algae,0.173337808
Algae,0.635563328
Algae,0.223163175
Algae,0.362129509
Algae,0.150137128
Algae,0.535602005
Algae,0.100718316
Algae,0.054863593
Algae,0.07636641
Algae,0.034826859
Algae,0.40579928
Algae,0.090165372
Algae,0.02313344
Algae,0.175791999
Algae,0.384175625
Algae,0.013880079
Algae,0.119981909
Algae,0.041567601
Algae,0.043766506
Algae,0.080644433
Algae,0.249701655
Algae,0.078049557
Algae,0.02212756
Algae,0.185238861
Algae,0.154233128
Algae,0.216374414
Algae,0.060885578
Algae,0.046593268
Algae,0.713771881
Algae,0.438401537
Algae,0.55777439
Algae,0.090087432
Algae,0.62744653
Algae,0.194437174
Algae,0.039757063
Algae,0.393248247
Algae,0.0116029
Algae,0.265477003
Algae,0.099903472
Algae,0.120299617
Algae,0.189484555
Algae,0.33404339
Algae,0.279335761
Algae,0.139101838
Algae,0.404926616
Algae,0.396401758
Algae,0.182277568
Algae,0.119100086
Algae,0.06879573
Algae,0.035907499
Algae,0.192783103
Algae,0.337491854
Algae,0.017496624
Algae,0.022329646
Algae,0.128572204
Algae,0.034299952
Algae,0.025219894
Algae,0.380779368
Algae,0.294550361
Algae,0.09504602
Algae,0.208521523
Algae,0.044578251
Algae,0.015995983
Algae,0.07490297
Algae,0.24061594
Algae,0.239463775
Algae,0.233723671
Algae,0.017846501
Algae,0.018614501
Algae,0.335755741
Algae,0.229767808
Algae,0.461989189
Algae,0.239177874
Algae,0.373208752
Algae,0.274044118
Algae,0.405937634
Algae,0.248578434
Algae,0.479809283
Algae,0.909045914
Algae,0.070662843
Algae,0.154114514
Algae,0.525045257
Algae,0.143374645
Algae,0.097226674
Algae,0.030379778
Algae,0.10407076
Algae,0.025365565
Algae,0.427112879
Algae,0.117328579
Algae,0.00270902
Algae,0.365055282
Algae,0.234266066
Algae,0.502608985
Algae,0.123634109
Algae,0.092256774
Algae,0.140014421
Algae,0.07422829
Algae,0.1831755
Algae,0.270080351
Algae,0.003095714
Algae,0.269258901
Algae,0.13338192
Algae,0.242534305
Algae,0.239238297
Algae,0.070498704
Algae,0.209944279
Algae,0.552840146
Algae,0.170571193
Algae,0.042654515
Algae,0.064092803
Algae,0.515207619
Algae,0.00078282
Algae,0.119014121
Algae,0.098246097
Algae,0.789809865
Algae,0.215571913
Algae,0.145879823
Algae,0.09276472
Algae,0.127435351
Algae,0.169869897
Algae,0.008393885
Algae,0.361220999
Algae,0.063044902
Algae,0.330633549
Algae,0.037868044
Algae,0.309351133
Algae,0.012513801
Algae,0.052804712
Algae,0.747471908
Algae,0.008945306
Algae,0.316529405
Algae,0.211444976
Algae,0.306784108
Algae,0.04803138
Algae,0.040422325
Algae,0.303595014
Algae,0.157232976
Algae,0.212238199
Algae,0.196671244
Algae,0.524344269
Algae,0.47747692
Algae,0.036509796
Algae,0.079756111
Algae,0.001342993
Algae,0.027775084
Algae,0.182601444
Algae,0.331811187
Algae,0.154722898
Algae,0.271437114
Algae,0.08468055
Algae,0.185390857
Algae,0.115396699
Algae,0.068218282
Algae,0.357745198
Algae,0.811746657
Algae,0.438616
Algae,0.024002554
Algae,0.235643814
Algae,0.532790159
Algae,0.063169576
Algae,0.334110704
Algae,0.066842111
Algae,0.300333047
Algae,0.171448301
Algae,0.372717203
Algae,0.089276815
Algae,0.034657623
Algae,0.001405081
Algae,0.081705609
Algae,0.050986233
Algae,0.093508997
Algae,0.161575681
Algae,0.136335951
Algae,0.12829334
Algae,0.025914603
Algae,0.343241912
Algae,0.032212235
Algae,0.168942772
Algae,0.804312877
Algae,0.05874461
Algae,0.216564354
Algae,0.283125814
Algae,0.235408087
Algae,0.341273156
Algae,0.148074428
Algae,0.159133372
Algae,0.546816147
Algae,0.068406767
Algae,0.017761241
Algae,0.222762207
Algae,0.058204155
Algae,0.074116821
Algae,0.105303865
Algae,0.396711405
Algae,0.313689245
Algae,0.205931305
Algae,0.077170539
Algae,0.147431619
Algae,0.003551407
Algae,0.173881989
Algae,0.121820472
Algae,0.068564503
Algae,0.135139445
Algae,0.127600762
Algae,0.191628903
Algae,0.363917585
Algae,0.296195525
Algae,0.313272805
Algae,0.125473403
Algae,0.275609159
Algae,0.228886705
Algae,0.082131547
Algae,0.036034518
Algae,0.134887366
Algae,0.17406262
Algae,0.046084698
Algae,0.003228582
Algae,0.170662868
Algae,0.057893517
Algae,0.097930651
Algae,0.043226793
Algae,0.058922353
Algae,0.054828175
Algae,0.039085303
Algae,0.089806369
Algae,0.143571185
Algae,0.188684813
Algae,0.000312208
Algae,0.161173462
Algae,0.047301991
Algae,0.137042836
Algae,0.11885385
Algae,0.210600238
Algae,0.050693003
Algae,0.27387174
Algae,0.038336807
Algae,0.40858196
Algae,0.125536535
Algae,0.458737743
Algae,0.109079376
Algae,0.378352139
Algae,0.107496697
Algae,0.133406021
Algae,0.233352322
Algae,0.7907278
Algae,0.220885103
Algae,0.099911511
Algae,0.159153452
Algae,0.036510965
Algae,0.338560637
Algae,0.248740998
Algae,0.045290848
Algae,0.349490854
Algae,0.102856931
Algae,0.024918985
Algae,0.006315534
Algae,0.528139792
Algae,0.297165172
Algae,0.179053929
Algae,0.224612841
Algae,0.236342605
Algae,0.104423769
Algae,0.055492581
Algae,0.165449364
Algae,0.337328592
Algae,0.005670887
Algae,0.112933796
Algae,0.434892642
Algae,0.040246557
Algae,0.029567899
Algae,0.87293274
Algae,0.139486887
Algae,0.089822855
Algae,0.081305375
Algae,0.007199847
Algae,0.392115703
Algae,0.539401421
Algae,0.226628483
Algae,0.542100594
Algae,0.058272742
Algae,0.45080919
Algae,0.163492043
Algae,0.20083184
Algae,0.047080702
Algae,0.397838118
Algae,0.323752508
Algae,0.267087397
Algae,0.266431887
Algae,0.182378792
Algae,0.006003405
Algae,0.06856394
Algae,0.143685722
Algae,0.402841304
Algae,0.154608759
Algae,0.06476085
Algae,0.069683741
Algae,0.132259288
Algae,0.236678808
Algae,0.139714677
Algae,0.175046912
Algae,0.641619847
Algae,0.164908867
Algae,0.046098869
Algae,0.401422711
Algae,0.058126115
Algae,0.013770097
Algae,0.269133666
Algae,0.308735238
Algae,0.180847574
Algae,0.52870874
Algae,0.192836923
Algae,0.157657126
Algae,0.254484032
Algae,0.239178941
Algae,0.181468544
Algae,0.242478818
Algae,0.168029072
Algae,0.031443262
Algae,0.43315794
Algae,0.046160087
Algae,0.838107775
Algae,0.379106483
Algae,0.524637649
Algae,0.159699815
Algae,0.090023343
Algae,0.04542146
Algae,0.724488214
Algae,0.118048391
Algae,0.127429504
Algae,0.151221312
Algae,0.325232905
Algae,0.41612477
Algae,0.191596089
Algae,0.068465358
Algae,0.39651
Algae,0.050343656
Algae,0.480979903
Algae,0.442492043
Algae,0.168155142
Algae,0.1303442
Algae,0.20817086
Algae,0.078160531
Algae,0.587437048
Algae,0.041332636
Algae,0.043736847
Algae,0.042957868
Algae,0.523602337
Algae,0.357297459
Algae,0.018829871
Algae,0.33786655
Algae,0.113397256
Algae,0.180277734
Algae,0.056416123
Algae,0.394373597
Algae,0.066999856
Algae,0.209894065
Algae,0.901509088
Algae,0.238247282
Algae,0.32709221
Algae,0.114574731
Algae,0.084493904
Algae,0.023480494
Algae,0.21823686
Algae,0.094948089
Algae,0.550492122
Algae,0.32520392
Algae,0.001327142
Algae,0.248534469
Algae,0.445886328
Algae,0.149268133
Algae,0.276456733
Algae,0.020252011
Algae,0.309715004
Algae,0.410477301
Algae,0.29550146
Algae,0.848100062
Algae,0.08841342
Algae,0.109038969
Algae,0.105995322
Algae,0.010874872
Algae,0.417294007
Algae,0.10553457
Algae,0.075146376
Algae,0.002698502
Algae,0.45807006
Algae,0.178165367
Algae,0.031860239
Algae,0.156243239
Algae,0.164051457
Algae,0.274537472
Algae,0.233244762
Algae,0.356286841
Algae,0.126109886
Algae,0.208785696
Algae,0.069924896
Algae,0.477054751
Algae,0.054883097
Algae,0.136238222
Algae,0.374835425
Algae,0.03044604
Algae,0.100600431
Algae,0.323608522
Algae,0.301973003
Algae,0.065450009
Algae,0.056726961
Algae,0.182185453
Algae,0.070673672
Algae,0.307647107
Algae,0.136916348
Algae,0.021647167
Algae,0.152536188
Algae,0.651393204
Algae,0.245929915
Algae,0.374098418
Algae,0.025905883
Algae,0.174377833
Algae,0.010522489
Algae,0.134852741
Algae,0.013613922
Algae,0.016108409
Algae,0.038112416
Algae,0.022587927
Algae,0.450152272
Algae,0.30023494
Algae,0.081199386
Algae,0.522880007
Algae,0.004314451
Algae,0.091354111
Algae,0.37247848
Algae,0.599049139
Algae,0.020821233
Algae,0.185904657
Algae,0.362663247
Algae,0.56196024
Algae,0.210602584
Algae,0.076744599
Algae,0.117264642
Algae,0.021377927
Algae,0.190283001
Algae,0.477437542
Algae,0.631239849
Algae,0.571302434
Algae,0.679802364
Algae,0.659579287
Algae,0.010336432
Algae,0.219299952
Algae,0.789415782
Algae,0.290321786
Algae,0.430349578
Algae,0.09260562
Algae,0.177386903
Algae,0.138196664
Algae,0.088722713
Algae,0.001736565
Algae,0.013376874
Algae,0.022222773
Algae,0.062969404
Algae,0.211568057
Algae,0.287321122
Algae,0.368560635
Algae,0.064912486
Algae,0.161649304
Algae,0.009051853
Algae,0.141570212
Algae,0.402937581
Algae,0.261033527
Algae,0.252938841
Algae,0.198345613
Algae,0.10621102
Algae,0.061006488
Algae,0.32897866
Algae,0.032528928
Algae,0.056746372
Algae,0.052963836
Algae,0.002322541
Algae,0.003947922
Algae,0.270293441
Algae,0.115233942
Algae,0.005339505
Algae,0.334279887
Algae,0.202917864
Algae,0.099596227
Algae,0.105139288
Algae,0.065130433
Algae,0.290617801
Algae,0.084067413
Algae,0.055731387
Algae,0.045864584
Algae,0.057411628
Algae,0.022792842
Algae,0.180008487
Algae,0.020733442
Algae,0.071965479
Algae,0.549365046
Algae,0.073852422
Algae,0.06302093
Algae,0.346058744
Algae,0.050323189
Algae,0.136963907
Algae,0.186992161
Algae,0.053947868
Algae,0.508097709
Algae,0.348363764
Algae,0.019363667
Algae,0.151552398
Algae,0.380488963
Algae,0.584861565
Algae,0.246243268
Algae,0.019768708
Algae,0.205349787
Algae,0.022514716
Algae,0.028317329
Algae,0.198155733
Algae,0.111938899
Algae,0.043137762
Algae,0.714888385
Algae,0.084274112
Algae,0.149076373
Algae,0.370183231
Algae,0.285240442
Algae,0.259157059
Algae,0.040329848
Algae,0.026392517
Algae,0.443117388
Algae,0.488030201
Algae,0.4404377
Algae,0.874368917
Algae,0.400215333
Algae,0.017122737
Algae,0.124887604
Algae,0.097380779
Algae,0.444570016
Algae,0.068213263
Algae,0.05023308
Algae,0.10692919
Algae,0.069621955
Algae,0.150701217
Algae,0.573760986
Algae,0.412528089
Algae,0.006317164
Algae,0.453571599
Algae,0.443883463
Algae,0.269356785
Algae,0.200206604
Algae,0.243478682
Algae,0.230747496
Algae,0.126888607
Algae,0.394076124
Algae,0.68632902
Algae,0.048068238
Algae,0.269325728
Algae,0.097563444
Algae,0.393424555
Algae,0.045465664
Algae,0.262544311
Algae,0.02246719
Algae,0.132861453
Algae,0.074585527
Algae,0.177563763
Algae,0.13822522
Algae,0.343004259
Algae,0.006117079
Algae,0.106899295
Algae,0.109461068
Algae,0.081035467
Algae,0.209843729
Algae,0.058974237
Algae,0.071318985
Algae,0.58667033
Algae,0.273774907
Algae,0.08146419
Algae,0.24163367
Algae,0.066787465
Algae,0.16894891
Algae,0.057618259
Algae,0.082472171
Algae,0.007124106
Algae,0.128757302
Algae,0.115290414
Algae,0.022642953
Algae,0.431408025
Algae,0.356199995
Algae,0.022735775
Algae,0.063027233
Algae,0.032714396
Algae,0.465316354
Algae,0.093077763
Algae,0.22243494
Algae,0.001700677
Algae,0.069805483
Algae,0.193168995
Algae,0.344413749
Algae,0.036930138
Algae,0.546272245
Algae,0.119039303
Algae,0.047977738
Algae,0.365391907
Algae,0.078577006
Algae,0.305877669
Algae,0.241520189
Algae,0.418566018
Algae,0.044471663
Algae,0.150125097
Algae,0.257796423
Algae,0.081806857
Algae,0.383048311
Algae,0.399537479
Algae,0.135480992
Algae,0.367163364
Algae,0.531987867
Algae,0.305141654
Algae,0.033373602
Algae,0.353918707
Algae,0.093813156
Algae,0.173727483
Algae,0.12243862
Algae,0.108821256
Algae,0.082994524
Algae,0.384888421
Algae,0.130804334
Algae,0.227905154
Algae,0.031793987
Algae,0.170013862
Algae,0.253088352
Algae,0.093207575
Algae,0.022572677
Algae,0.233190711
Algae,0.329857457
Algae,0.123356164
Algae,0.22306689
Algae,0.410727773
Algae,0.58990847
Algae,0.05934544
Algae,0.038477285
Algae,0.240291693
Algae,0.046899192
Algae,0.036748793
Algae,0.127480993
Algae,0.10513279
Algae,0.141796018
Algae,0.068658602
Algae,0.364402418
Algae,0.266097897
Algae,0.030076516
Algae,0.343060835
Algae,0.196924306
Algae,0.090512084
Algae,0.504138759
Algae,0.123524237
Algae,0.036869319
Algae,0.554409346
Algae,0.07490785
Algae,0.300336661
Algae,0.13693632
Algae,0.29755682
Algae,0.362210468
Algae,0.082683265
Algae,0.008102552
Algae,0.423269321
Algae,0.075633398
Algae,0.695193053
Algae,0.010867865
Algae,0.039891729
Algae,0.098988105
Algae,0.026212727
Algae,0.336159806
Algae,0.011030398
Algae,0.038542332
Algae,0.155191869
Algae,0.639606221
Algae,0.121636042
Algae,0.008050401
Algae,0.073384327
Algae,0.404108491
Algae,0.359463575
Algae,0.195500482
Algae,0.01265669
Algae,0.070018509
Algae,0.568857633
Algae,0.044947735
Algae,0.223430426
Algae,0.304693398
Algae,0.208333646
Algae,0.061107695
Algae,0.313065455
Algae,0.093182372
Algae,0.429608182
Algae,0.467588771
Algae,0.090068463
Algae,0.039296292
Algae,0.040630337
Algae,0.002087145
Algae,0.477808737
Algae,0.112974975
Algae,0.054244512
Algae,0.20699742
Algae,0.641493233
Algae,0.202227653
Algae,0.200107811
Algae,0.244544587
Algae,0.136201543
Algae,0.158241664
Algae,0.239514533
Algae,0.099183013
Algae,0.021893631
Algae,0.283086836
Algae,0.0502966
Algae,0.304091957
Algae,0.100186648
Algae,0.14306031
Algae,0.144919269
Algae,0.033756391
Algae,0.170848422
Algae,0.04375737
Algae,0.067497175
Algae,0.560855688
Algae,0.052080975
Algae,0.221338269
Algae,0.029787222
Algae,0.037230759
Algae,0.190030852
Algae,0.085601259
Algae,0.208547914
Algae,0.403091621
Algae,0.526598884
Algae,0.026749538
Algae,0.000216005
Algae,0.040528593
Algae,0.139740416
Algae,0.392401341
Algae,0.159913003
Algae,0.08444047
Algae,0.256686367
Algae,0.096458176
Algae,0.113272509
Algae,0.106467264
Algae,0.477411595
Algae,0.080100633
Algae,0.074986015
Algae,0.004207011
Algae,0.463907322
Algae,0.20688939
Algae,0.272396298
Algae,0.118759231
Algae,0.44367308
Algae,0.112180967
Algae,0.451617194
Algae,0.154586774
Algae,0.491173358
Algae,0.072818373
Algae,0.336724792
Algae,0.277804943
Algae,0.099528077
Algae,0.108715508
Algae,0.074037067
Algae,0.595934121
Algae,0.263243318
Algae,0.055902821
Algae,0.27182265
Algae,0.087667031
Algae,0.160050083
Algae,0.340489354
Algae,0.217471922
Algae,0.155001527
Algae,0.188587461
Algae,0.020650593
Algae,0.155811145
Algae,0.023964861
Algae,0.35969661
Algae,0.287734101
Algae,0.211510823
Algae,0.034185482
Algae,0.516457977
Algae,0.061940496
Algae,0.059037782
Algae,0.208308228
Algae,0.352955021
Algae,0.188425389
Algae,0.101196484
Algae,0.029277004
Algae,0.000371392
Algae,0.371781924
Algae,0.357609422
Algae,0.08214118
Algae,0.225313021
Algae,0.368705371
Algae,0.603345915
Algae,0.031217917
Algae,0.406632869
Algae,0.041431547
Algae,0.426380391
Algae,0.036589238
Algae,0.287992009
Algae,0.033044048
Algae,0.177099648
Algae,0.230796004
Algae,0.087103111
Algae,0.116559373
Algae,0.004315321
Algae,0.529824568
Algae,0.083248877
Algae,0.221192779
Algae,0.199297578
Algae,0.808959385
Algae,0.168801782
Algae,0.094374668
Algae,0.06338983
Algae,0.593013729
Algae,0.217406134
Algae,0.043818142
Algae,0.092754113
Algae,0.044843514
Algae,0.330350466
Algae,0.034915142
Algae,0.069064339
Algae,0.060633134
Algae,0.044119494
Algae,0.398004116
Algae,0.26606588
Algae,0.122749648
Algae,0.277326687
Algae,0.066090381
Algae,0.353173268
Algae,0.359875567
Algae,0.059275074
Algae,0.175362526
Algae,0.214648169
Algae,0.067585726
Algae,0.154994691
Algae,0.465320807
Algae,0.433157558
Algae,0.229274123
Algae,0.334777038
Algae,0.529282564
Algae,0.410837494
Algae,0.080244708
Algae,0.199579212
Algae,0.294346125
Algae,0.087131288
Algae,0.158159953
Algae,0.051581214
Algae,0.013092601
Algae,0.506128917
Algae,0.052971948
Algae,0.263338409
Algae,0.051737546
Algae,0.745182758
Algae,0.298010598
Algae,0.339212731
Algae,0.403353974
Algae,0.012779891
Algae,0.515060624
Algae,0.212579392
Algae,0.055583686
Algae,0.623511444
Algae,0.34338336
Algae,0.073055758
Algae,0.080810903
Algae,0.239656558
Algae,0.31477143
Algae,0.52467854
Algae,0.197377609
Algae,0.070614112
Algae,0.273644861
Algae,0.277013029
Algae,0.394513251
Algae,0.00046701
Algae,0.041988744
Algae,0.214273357
Algae,0.115259284
Algae,0.116451342
Algae,0.068731245
Algae,0.267025209
Algae,0.143074774
Algae,0.185080961
Algae,0.252608021
Algae,0.502616577
Algae,0.220757341
Algae,0.480940613
Algae,0.06319156
Algae,0.285183056
Algae,0.39745764
Algae,0.052823046
Algae,0.111971867
Algae,0.299999997
Algae,0.438085151
Algae,0.083797716
Algae,0.24922846
Algae,0.136591582
Algae,0.247211028
Algae,0.180209159
Algae,0.403469448
Algae,0.214168752
Algae,0.223535046
Algae,0.153126419
Algae,0.309370624
Algae,0.049624298
Algae,0.119103724
Algae,0.306217462
Algae,0.221377478
Algae,0.073563059
Algae,0.614687919
Algae,0.178764535
Algae,0.153461964
Algae,0.17458968
Algae,0.017064532
Algae,0.35954483
Algae,0.049970494
Algae,0.047964754
Algae,0.170047099
Algae,0.008166737
Algae,0.536151074
Algae,0.452232468
Algae,0.267528033
Algae,0.916086404
Algae,0.246435744
Algae,0.200628567
Algae,0.153930777
Algae,0.09322956
Algae,0.371650586
Algae,0.460049226
Algae,0.156363259
Algae,0.558644599
Algae,0.075534973
Algae,0.550937613
Algae,0.197358024
Algae,0.262426227
Algae,0.124645735
Algae,0.332089186
Algae,0.167142297
Algae,0.801673189
Algae,0.010322156
Algae,0.032884108
Algae,0.203260628
Algae,0.236879054
Algae,0.221782672
Algae,0.520603345
Algae,0.055900731
Algae,0.151239832
Algae,0.133815112
Algae,0.676902405
Algae,0.325843175
Algae,0.225543639
Algae,0.246455987
Algae,0.02041835
Algae,0.203027301
Algae,0.344854732
Algae,0.438351234
Algae,0.077127209
Algae,0.156873672
Algae,0.374909701
Algae,0.612535309
Algae,0.295434606
Algae,0.191602974
Algae,0.716398865
Algae,0.217650145
Algae,0.051570102
Algae,0.268717583
Algae,0.208442476
Algae,0.096714139
Algae,0.118273492
Algae,0.029051786
Algae,0.000929787
Algae,0.140146012
Algae,0.135086554
Algae,0.102436174
Algae,0.443479061
Algae,0.151347212
Algae,0.202676656
Algae,0.09741665
Algae,0.32435238
Algae,0.230175514
Algae,0.324254367
Algae,0.041069081
Algae,0.042915667
Algae,0.49129873
Algae,0.571620312
Algae,0.32340428
Algae,0.123623819
Algae,0.009862466
Algae,0.004660387
Algae,0.116179455
Algae,0.037769471
Algae,0.116097215
Algae,0.032415076
Algae,0.10296723
Algae,0.383094568
Algae,0.235914888
Algae,0.283161139
Algae,0.047559774
Algae,0.228119167
Algae,0.49113168
Algae,0.091376124
Algae,0.103139029
Algae,0.19288043
Algae,0.034043858
Algae,0.049794041
Algae,0.278423449
Algae,0.467518859
Algae,0.202491721
Algae,0.573606915
Algae,0.423210036
Algae,0.041965446
Algae,0.066327811
Algae,0.131421344
Algae,0.071944091
Algae,0.055167075
Algae,0.084164415
Algae,0.100565295
Algae,0.217447757
Algae,0.168794571
Algae,0.006708191
Algae,0.009072976
Algae,0.403070733
Algae,0.010004316
Algae,0.120427995
Algae,0.345698057
Algae,0.243668333
Algae,0.353324674
Algae,0.196432109
Algae,0.102886101
Algae,0.044646912
Algae,0.150150546
Algae,0.029636413
Algae,0.051998456
Algae,0.031018878
Algae,0.06061606
Algae,0.070957709
Algae,0.2273956
Algae,0.117938606
Algae,0.127221143
Algae,0.733566755
Algae,0.082457433
Algae,0.267605823
Algae,0.075184168
Algae,0.003446058
Algae,0.264120225
Algae,1.90E-05
Algae,0.066701533
Algae,0.547606805
Algae,0.342949423
Algae,0.005190271
Algae,0.244062849
Algae,0.401266958
Algae,0.162860761
Algae,0.029896616
Algae,0.62141135
Algae,0.412902065
Algae,0.041695287
Algae,0.895795446
Algae,0.110072264
Algae,0.253554284
Algae,0.029762062
Algae,0.460848916
Algae,0.593867884
Algae,0.105586185
Algae,0.318268705
Algae,0.114380491
Algae,0.019785338
Algae,0.060193363
Algae,0.137305442
Algae,0.057389531
Algae,0.007625273
Algae,0.293736695
Algae,0.377761683
Algae,0.057122727
Algae,0.105780603
Algae,0.07357133
Algae,0.085275591
Algae,0.07881566
Algae,0.713668082
Algae,0.415013583
Algae,0.26533097
Algae,0.437460108
Algae,0.005252569
Algae,0.244891908
Algae,0.239414076
Algae,0.098019141
Algae,0.010440746
Algae,0.011624296
Algae,0.00393921
Algae,0.254303988
Algae,0.119727489
Algae,0.294831394
Algae,0.000580672
Algae,0.226338612
Algae,0.22793585
Algae,0.15888534
Algae,0.004891467
Algae,0.057497813
Algae,0.055165438
Algae,0.436501902
Algae,0.183421609
Algae,0.065956115
Algae,0.051704366
Algae,0.530202696
Algae,0.144278302
Algae,0.006704488
Algae,0.235899339
Algae,0.07177312
Algae,0.08621565
Algae,0.211975891
Algae,0.073609768
Algae,0.572836425
Algae,0.109847373
Algae,0.425572175
Algae,0.060850948
Algae,0.298871202
Algae,0.051297764
Algae,0.334465889
Algae,0.423901271
Algae,0.213785173
Algae,0.170475617
Algae,0.054627508
Algae,0.295292937
Algae,0.391190505
Algae,0.40325858
Algae,0.089536811
Algae,0.208468072
Algae,0.858847057
Algae,0.06887054
Algae,0.012082106
Algae,0.058688671
Algae,0.614426348
Algae,0.123014734
Algae,0.159959164
Algae,0.380090862
Algae,0.045235726
Algae,0.022130347
Algae,0.212907374
Algae,0.005960455
Algae,0.037179257
Algae,0.044250853
Algae,0.157676826
Algae,0.068389709
Algae,0.161816454
Algae,0.183993251
Algae,0.437016957
Algae,0.178455057
Algae,0.149798572
Algae,0.236712771
Algae,0.036108749
Algae,0.003804544
Algae,0.011659306
Algae,0.638854813
Algae,0.044071584
Algae,0.207828267
Algae,0.051453175
Algae,0.018297438
Algae,0.067217796
Algae,0.32795649
Algae,0.466050719
Algae,0.080229848
Algae,0.794706
Algae,0.198396835
Algae,0.461169955
Algae,0.179432638
Algae,0.084352302
Algae,0.031612299
Algae,0.311816449
Algae,0.048352365
Algae,0.94423735
Algae,0.307847237
Algae,0.165335382
Algae,0.11386152
Algae,0.007126459
Algae,0.078402904
Algae,0.192904978
Algae,0.716594511
Algae,0.284931519
Algae,0.53042089
Algae,0.161396874
Algae,0.273467198
Algae,0.351740972
Algae,0.06315065
Algae,0.016032495
Algae,0.250507902
Algae,0.075622294
Algae,0.134904185
Algae,0.20102482
Algae,0.168235903
Algae,0.762570361
Algae,0.24497086
Algae,0.345382182
Algae,0.074410394
Algae,0.318614013
Algae,0.12174493
Algae,0.058946064
Algae,0.334937763
Algae,0.29994358
Algae,0.073514315
Algae,0.287269948
Algae,0.056680182
Algae,0.415002993
Algae,0.085892932
Algae,0.39399046
Algae,0.810345973
Algae,0.041289723
Algae,0.194775889
Algae,0.429145942
Algae,0.101086662
Algae,0.114418535
Algae,0.03790682
Algae,0.498080717
Algae,0.167020174
Algae,0.473765995
Algae,0.349774139
Algae,0.095293284
Algae,0.409009498
Algae,0.266701864
Algae,0.066673864
Algae,0.054059095
Algae,0.203335728
Algae,0.223733515
Algae,0.08591344
Algae,0.273855793
Algae,0.194065203
Algae,0.003322727
Algae,0.215922616
Algae,0.049243931
Algae,0.117581152
Algae,0.125123977
Algae,0.020348629
Algae,0.011075497
Algae,0.26295587
Algae,0.188221126
Algae,0.172048086
Algae,0.265786629
Algae,0.106946764
Algae,0.01003558
Algae,0.10113802
Algae,0.3975763
Algae,0.160493319
Algae,0.330520768
Algae,0.051081548
Algae,0.00127332
Algae,0.097093971
Algae,0.045717153
Algae,0.205883964
Algae,0.145672756
Algae,0.037230436
Algae,0.127102317
Algae,0.007373689
Algae,0.109288485
Algae,0.041385588
Algae,0.029656207
Algae,0.178807808
Algae,0.29922115
Algae,0.105616394
Algae,0.400426461
Algae,0.12750588
Algae,0.156046448
Algae,0.251084979
Algae,0.071497939
Algae,0.094553374
Algae,0.19554936
Algae,0.028050418
Algae,0.100805099
Algae,0.027130212
Algae,0.151340801
Algae,0.15157609
Algae,0.25897028
Algae,0.214322507
Algae,0.031321904
Algae,0.453580096
Algae,0.201402414
Algae,0.129996494
Algae,0.027186905
Algae,0.162646985
Algae,0.215419929
Algae,0.279849993
Algae,0.487634889
Algae,0.094302389
Algae,0.099589199
Algae,0.323062477
Algae,0.139876345
Algae,0.077678776
Algae,0.022903095
Algae,0.436224854
Algae,0.534799549
Algae,0.014937158
Algae,0.327503295
Algae,0.11756264
Algae,0.051330207
Algae,0.174098759
Algae,0.224086966
Algae,0.023607787
Algae,0.403983294
Algae,0.015548082
Algae,0.190637609
Algae,0.097328364
Algae,0.279751216
Algae,0.039348798
Algae,0.289453079
Algae,0.037593785
Algae,0.207866636
Algae,0.091514125
Algae,0.022621845
Algae,0.079227502
Algae,0.066112568
Algae,0.459227643
Algae,0.056404728
Algae,0.071202511
Algae,0.236833616
Algae,0.442335165
Algae,0.079012208
Algae,0.43003545
Algae,0.143707835
Algae,0.238537952
Algae,0.401732112
Algae,0.231502487
Algae,0.075096509
Algae,0.293811804
Algae,0.205249504
Algae,0.164113894
Algae,0.019912622
Algae,0.513274841
Algae,0.640764687
Algae,0.617294409
Algae,0.029005352
Algae,0.267762069
Algae,0.538851749
Algae,0.384411715
Algae,0.352191484
Algae,0.012392196
Algae,0.292777513
Algae,0.064943061
Algae,0.128926331
Algae,0.065718182
Algae,0.191591619
Algae,0.151426433
Algae,0.043724671
Algae,0.06628025
Algae,0.553193097
Algae,0.075440163
Algae,0.124377108
Algae,0.217277958
Algae,0.401454611
Algae,0.114134838
Algae,0.063467056
Algae,0.000585038
Algae,0.751753501
Algae,0.069625762
Algae,0.074888563
Algae,0.105789134
Algae,0.673753915
Algae,0.009491034
Algae,0.608742415
Algae,0.367421632
Algae,0.687110609
Algae,0.071286916
Algae,0.06929751
Algae,0.587077464
Algae,0.031258321
Algae,0.053540235
Algae,0.079850859
Algae,0.329212241
Algae,0.173591748
Algae,0.026184577
Algae,0.106802674
Algae,0.064878344
Algae,0.161826541
Algae,0.018804178
Algae,0.109666089
Algae,0.143202494
Algae,0.216875467
Algae,0.157921589
Algae,0.030383587
Algae,0.149632142
Algae,0.014388189
Algae,0.124979994
Algae,0.162972678
Algae,0.089427401
Algae,0.678973607
Algae,0.112496399
Algae,0.38924889
Algae,0.353088929
Algae,0.122067749
Algae,0.363589507
Algae,0.096672202
Algae,0.019012188
Algae,0.114032083
Algae,0.131283614
Algae,0.33465653
Algae,0.081845944
Algae,0.055680228
Algae,0.047241737
Algae,0.464156204
Algae,0.270034291
Algae,0.030346653
Algae,0.062831553
Algae,0.199268996
Algae,0.042518554
Algae,0.220258508
Algae,0.229795711
Algae,0.11199102
Algae,0.100959508
Algae,0.244901968
Algae,0.679651078
Algae,0.083435086
Algae,0.09373241
Algae,0.646324942
Algae,0.457841006
Algae,0.098614514
Algae,0.122235181
Algae,0.064355777
Algae,0.399695297
Algae,0.119530932
Algae,0.22812297
Algae,0.163665229
Algae,0.051658961
Algae,0.391513021
Algae,0.010772383
Algae,0.346337503
Algae,0.284554801
Algae,0.289609569
Algae,0.470522418
Algae,0.437724291
Algae,0.500097242
Algae,0.10753653
Algae,0.061331787
Algae,0.183583558
Algae,0.006046412
Algae,0.557438642
Algae,0.143610878
Algae,0.014323806
Algae,0.416369443
Algae,0.025937095
Algae,0.134456269
Algae,0.559276678
Algae,0.168972859
Algae,0.020717479
Algae,0.221256141
Algae,0.281030724
Algae,0.24230981
Algae,0.795942108
Algae,0.275120046
Algae,0.077046187
Algae,0.11919575
Algae,0.060164874
Algae,0.234987663
Algae,0.098116933
Algae,0.339434368
Algae,0.031534903
Algae,0.234421919
Algae,0.705902883
Algae,0.021541732
Algae,0.833335721
Algae,0.052025492
Algae,0.043587233
Algae,0.498322873
Algae,0.811577439
Algae,0.124599343
Algae,0.137341221
Algae,0.518696212
Algae,0.134901512
Algae,0.059545176
Algae,0.046411593
Algae,0.025696063
Algae,0.219947697
Algae,0.322725515
Algae,0.141005261
Algae,0.339725937
Algae,0.338135089
Algae,0.19082858
Algae,0.279519843
Algae,0.244083272
Algae,0.301048994
Algae,0.061273192
Algae,0.141485324
Algae,0.016266945
Algae,0.017004317
Algae,0.000261651
Algae,0.311187466
Algae,0.010586133
Algae,0.232727029
Algae,0.085101684
Algae,0.192884741
Algae,0.307441581
Algae,0.094149164
Algae,0.410480767
Algae,0.110732743
Algae,0.849040724
Algae,0.283230167
Algae,0.121509827
Algae,0.455143114
Algae,0.004929498
Algae,0.595716689
Algae,0.010816167
Algae,0.328066718
Algae,0.02078039
Algae,0.423362169
Algae,0.016733621
Algae,0.017354364
Algae,0.603748012
Algae,0.096192933
Algae,0.029175113
Algae,0.069050504
Algae,0.101820513
Algae,0.05555358
Algae,0.031476673
Algae,0.034741063
Algae,0.027817662
Algae,0.157654496
Algae,0.11032692
Algae,0.419015237
Algae,0.261023491
Algae,0.272346779
Algae,0.003443112
Algae,0.192549947
Algae,0.046534402
Algae,0.17196971
Algae,0.059186793
Algae,0.292031721
Algae,0.045542805
Algae,0.03517941
Algae,0.412764054
Algae,0.062412958
Algae,0.087667352
Algae,0.191310905
Algae,0.123287382
Algae,0.196861014
Algae,0.149447592
Algae,0.233878838
Algae,0.205784235
Algae,0.001279099
Algae,0.010865165
Algae,0.521069555
Algae,0.014727283
Algae,0.544936031
Algae,0.48557191
Algae,0.29013349
Algae,0.099398019
Algae,0.263843419
Algae,0.343685345
Algae,0.088715955
Algae,0.138832224
Algae,0.318268819
Algae,0.047500411
Algae,0.310285973
Algae,0.003596346
Algae,0.065150227
Algae,0.017322249
Algae,0.164143304
Algae,0.448747188
Algae,0.381480609
Algae,0.571975742
Algae,0.059974477
Algae,0.489113808
Algae,0.383579557
Algae,0.070294098
Algae,0.082441209
Algae,0.211994815
Algae,0.297886173
Algae,0.363602222
Algae,0.257599323
Algae,0.230332343
Algae,0.386546614
Algae,0.033558358
Algae,0.088232851
Algae,0.155278859
Algae,0.011940717
Algae,0.103341233
Algae,0.372946001
Algae,0.12536811
Algae,0.216004581
Algae,0.282865764
Algae,0.007460035
Algae,0.005309142
Algae,0.102106709
Algae,0.040162961
Algae,0.095259611
Algae,0.126547858
Algae,0.35406667
Algae,0.016711605
Algae,0.276118623
Algae,0.099254664
Algae,0.133114412
Algae,0.132718844
Algae,0.70459719
Algae,0.000407476
Algae,0.15270664
Algae,0.00174779
Algae,0.232613432
Algae,0.156624258
Algae,0.170405725
Algae,0.189544262
Algae,0.702593143
Algae,0.159751455
Algae,0.626529305
Algae,0.330566504
Algae,0.306600532
Algae,0.273511345
Algae,0.118136281
Algae,0.251902353
Algae,0.109887503
Algae,0.187224394
Algae,0.846542756
Algae,0.094644121
Algae,0.150531698
Algae,0.013396333
Algae,0.008423311
Algae,0.299035497
Algae,0.5373018
Algae,0.056005684
Algae,0.002440376
Algae,0.015052471
Algae,0.716556327
Algae,0.178067435
Algae,0.132754261
Algae,0.112840003
Algae,0.260800826
Algae,0.125201123
Algae,0.325873669
Algae,0.007877996
Algae,0.810334465
Algae,0.079330861
Algae,0.07813985
Algae,0.099680942
Algae,0.152550989
Algae,0.767711275
Algae,0.421456147
Algae,0.103356078
Algae,0.707677371
Algae,0.003570265
Algae,0.112208259
Algae,0.055852396
Algae,0.181343391
Algae,0.073205715
Algae,0.055061108
Algae,0.145328432
Algae,0.007985304
Algae,0.061415091
Algae,0.160393097
Algae,0.060100063
Algae,0.283322914
Algae,0.245071981
Algae,0.391995618
Algae,0.479617143
Algae,0.011167101
Algae,0.08463539
Algae,0.456546805
Algae,0.157478073
Algae,0.098843961
Algae,0.309536501
Algae,0.395693942
Algae,0.122676271
Algae,0.020657289
Algae,0.105432098
Algae,0.124190644
Algae,0.19819699
Algae,0.076584454
Algae,0.106343672
Algae,0.025741671
Algae,0.475635202
Algae,0.020807746
Algae,0.070940019
Algae,0.012329194
Algae,0.118170093
Algae,0.544685022
Algae,0.136559518
Algae,0.274207653
Algae,0.22001179
Algae,0.245370384
Algae,0.427683298
Algae,0.098191827
Algae,0.010955342
Algae,0.194442344
Algae,0.575510689
Algae,0.142682357
Algae,0.139810158
Algae,0.417342261
Algae,0.016965163
Algae,0.062757942
Algae,0.151401858
Algae,0.098606554
Algae,0.711612238
Algae,0.352836787
Algae,0.399432115
Algae,0.140704142
Algae,0.479825503
Algae,0.152017412
Algae,0.120272024
Algae,0.144544186
Algae,0.020525347
Algae,0.351623067
Algae,0.063344976
Algae,0.050676444
Algae,0.053880027
Algae,0.297938187
Algae,0.227816959
Algae,0.090790977
Algae,0.047275462
Algae,0.224946313
Algae,0.059162908
Algae,0.222919252
Algae,0.522993973
Algae,0.431954779
Algae,0.116428639
Algae,0.155519161
Algae,0.443870165
Algae,0.013732114
Algae,0.259021211
Algae,0.035865841
Algae,0.192100069
Algae,0.072978651
Algae,0.744363585
Algae,0.319084874
Algae,0.405549759
Algae,0.134577693
Algae,0.172963893
Algae,0.00325448
Algae,0.41840266
Algae,0.230269078
Algae,0.153027882
Algae,0.003266927
Algae,0.125751734
Algae,0.215954097
Algae,0.076721162
Algae,0.000970853
Algae,0.578611099
Algae,0.14009385
Algae,0.393311488
Algae,0.515758514
Algae,0.209333064
Algae,0.419691736
Algae,0.254286302
Algae,0.012841397
Algae,0.14262201
Algae,0.056425094
Algae,0.345401364
Algae,0.060319236
Algae,0.375542826
Algae,0.057703251
Algae,0.31361267
Algae,0.043093257
Algae,0.020905337
Algae,0.147191531
Algae,0.339169265
Algae,0.650111149
Algae,0.12994505
Algae,0.166298377
Algae,0.387255631
Algae,0.421931008
Algae,0.146149176
Algae,0.01517329
Algae,0.384463014
Algae,0.101649962
Algae,0.702755942
Algae,3.03E-05
Algae,0.139436522
Algae,0.015229431
Algae,0.063539034
Algae,0.30799481
Algae,0.448591958
Algae,0.096129468
Algae,0.105324325
Algae,0.070143052
Algae,0.376482535
Algae,0.06196925
Algae,0.011960969
Algae,0.076570617
Algae,0.273986696
Algae,0.044846823
Algae,0.430815157
Algae,0.294140433
Algae,0.071709481
Algae,0.495495126
Algae,0.210035287
Algae,0.090079756
Algae,0.080978563
Algae,0.029422482
Algae,0.311720022
Algae,0.172988129
Algae,0.425071352
Algae,0.226406654
Algae,0.175424894
Algae,0.355237335
Algae,0.174430733
Algae,0.000565482
Algae,0.060027497
Algae,0.438114683
Algae,0.078818346
Algae,0.106944117
Algae,0.017887988
Algae,0.204474257
Algae,0.252656869
Algae,0.120700903
Algae,0.251416364
Algae,0.421441842
Algae,0.121868004
Algae,0.556580625
Algae,0.661957908
Algae,0.350656193
Algae,0.177092819
Algae,0.288551468
Algae,0.17003012
Algae,0.060855212
Algae,0.087115084
Algae,0.098755897
Algae,0.167703097
Algae,0.08314053
Algae,0.359497887
Algae,0.095606915
Algae,0.348326032
Algae,0.044793957
Algae,0.025296036
Algae,0.003868905
Algae,0.199182711
Algae,0.015045025
Algae,0.04907849
Algae,0.119328291
Algae,0.264435341
Algae,0.108213178
Algae,0.103839716
Algae,0.060919795
Algae,0.140690854
Algae,0.333442107
Algae,0.161407683
Algae,0.25132708
Algae,0.415099452
Algae,0.116158052
Algae,0.158376853
Algae,0.177975225
Algae,0.092679139
Algae,0.097293424
Algae,0.186704581
Algae,0.036662151
Algae,0.001582746
Algae,0.303158787
Algae,0.138071929
Algae,0.003192165
Algae,0.114393083
Algae,0.094964049
Algae,0.300377964
Algae,0.364709271
Algae,0.061205023
Algae,0.098286621
Algae,0.168555909
Algae,0.294583218
Algae,0.172071334
Algae,0.652475579
Algae,0.010226433
Algae,0.076382784
Algae,0.111900336
Algae,0.496184554
Algae,0.062020141
Algae,0.699396093
Algae,0.108394172
Algae,0.680590068
Algae,0.137354861
Algae,0.175436338
Algae,0.127831003
Algae,0.00142185
Algae,0.221507166
Algae,0.158454074
Algae,0.319641158
Algae,0.299352137
Algae,0.142704678
Algae,0.070945194
Algae,0.074962235
Algae,0.054463789
Algae,0.331165014
Algae,0.207871808
Algae,0.175575217
Algae,0.027977915
Algae,0.486876489
Algae,0.084565028
Algae,0.15876326
Algae,0.251539391
Algae,0.146941368
Algae,0.107239972
Algae,0.04988658
Algae,0.314244424
Algae,0.352919753
Algae,0.038900849
Algae,0.156555633
Algae,0.537713876
Algae,0.059310123
Algae,0.141489763
Algae,0.086580126
Algae,0.124806106
Algae,0.39737984
Algae,0.077657191
Algae,0.142607963
Algae,0.277535706
Algae,0.131126728
Algae,0.013853692
Algae,0.33301697
Algae,0.031566231
Algae,0.227735095
Algae,0.064199888
Algae,0.18792921
Algae,0.096888537
Algae,0.138327353
Algae,0.225078989
Algae,0.17704291
Algae,0.02912037
Algae,0.309976617
Algae,0.144078595
Algae,0.347799159
Algae,0.644635518
Algae,0.152008772
Algae,0.107146294
Algae,0.024409666
Algae,0.21590965
Algae,0.394009035
Algae,0.072327105
Algae,0.299195429
Algae,0.176824841
Algae,0.065676674
Algae,0.058608437
Algae,0.225136649
Algae,0.032935532
Algae,0.264176371
Algae,0.022897122
Algae,0.434253516
Algae,0.057059992
Algae,0.079050364
Algae,0.069393254
Algae,0.279765789
Algae,0.239351899
Algae,0.087784538
Algae,0.361746112
Algae,0.081318255
Algae,0.073806999
Algae,0.176084459
Algae,0.007193924
Algae,0.149744856
Algae,0.509084237
Algae,0.249763937
Algae,0.059433807
Algae,0.067463369
Algae,0.209905279
Algae,0.002095146
Algae,0.149924773
Algae,0.46962822
Algae,0.197881977
Algae,0.207729184
Algae,0.262618602
Algae,0.089584715
Algae,0.163933195
Algae,0.353237729
Algae,0.027060901
Algae,0.360601621
Algae,0.336947111
Algae,0.025896596
Algae,0.162584067
Algae,0.028175555
Algae,0.205583143
Algae,0.185787606
Algae,0.465504744
Algae,0.497588113
Algae,0.15717531
Algae,0.214070436
Algae,0.148045689
Algae,0.033642484
Algae,0.086116039
Algae,0.394459651
Algae,0.030274618
Algae,0.14854186
Algae,0.036449296
Algae,0.343112254
Algae,0.327847147
Algae,0.061120954
Algae,0.43294568
Algae,0.197314475
Algae,0.271158453
Algae,0.11412003
Algae,0.063863432
Algae,0.188974411
Algae,0.759272055
Algae,0.174682292
Algae,0.068469463
Algae,0.003892236
Algae,0.06393392
Algae,0.473241466
Algae,0.379890892
Algae,0.044268662
Algae,0.517024936
Algae,0.106041661
Algae,0.075326119
Algae,0.265250254
Algae,0.017782884
Algae,0.199979112
Algae,0.085743336
Algae,0.964194228
Algae,0.003338721
Algae,0.277658338
Algae,0.055464326
Algae,0.590525141
Algae,0.379216475
Algae,0.214208138
Algae,0.011423161
Algae,0.310692334
Algae,0.601303213
Algae,0.051964217
Algae,0.655264307
Algae,0.262932326
Algae,0.069898498
Algae,0.035542993
Algae,0.144787782
Algae,0.024305217
Algae,0.179462804
Algae,0.358355339
Algae,0.204298107
Algae,0.029780631
Algae,0.193038429
Algae,0.24945227
Algae,0.19098873
Algae,0.015410427
Algae,0.054686611
Algae,0.200457098
Algae,0.259935253
Algae,0.004202128
Algae,0.483926605
Algae,0.041095535
Algae,0.154418421
Algae,0.092696163
Algae,0.032046188
Algae,0.572211599
Algae,0.62939345
Algae,0.099589085
Algae,0.275916001
Algae,0.350498579
Algae,0.106222003
Algae,0.105594952
Algae,0.308114709
Algae,0.345770716
Algae,0.086607876
Algae,0.163035559
Algae,0.163513388
Algae,0.129008113
Algae,0.425007239
Algae,0.419879699
Algae,0.079124112
Algae,0.038074801
Algae,0.061707281
Algae,0.255148546
Algae,0.022000687
Algae,0.13120003
Algae,0.637483111
Algae,0.198591877
Algae,0.159169185
Algae,0.141145253
Algae,0.14473212
Algae,0.201465317
Algae,0.462258527
Algae,0.052228322
Algae,0.325183193
Algae,0.1822242
Algae,0.043985284
Algae,0.22004136
Algae,0.162653208
Algae,0.076682292
Algae,0.259431102
Algae,0.303735804
Algae,0.224208774
Algae,0.138451123
Algae,0.219795454
Algae,0.071241424
Algae,0.448329856
Algae,0.095295554
Algae,0.28387311
Algae,0.281522038
Algae,0.411510804
Algae,0.10242498
Algae,0.265413323
Algae,0.365407649
Algae,0.081092283
Algae,0.127639615
Algae,0.841911588
Algae,0.124726795
Algae,0.030963373
Algae,0.436254518
Algae,0.165578772
Algae,0.386226884
Algae,0.1918206
Algae,0.199206934
Algae,0.066638923
Algae,0.049780236
Algae,0.219495126
Algae,0.327114523
Algae,0.354265629
Algae,0.142418254
Algae,0.134440094
Algae,0.053954528
Algae,0.315040793
Algae,0.020477129
Algae,0.076364633
Algae,0.822731675
Algae,0.179523117
Algae,0.060949879
Algae,0.137213566
Algae,0.069987123
Algae,0.314494162
Algae,0.179109657
Algae,0.035156269
Algae,0.136822162
Algae,0.158291884
Algae,0.045338282
Algae,0.205894874
Algae,0.228596663
Algae,0.669861229
Algae,0.608794527
Algae,0.054064922
Algae,0.465663821
Algae,0.008384158
Algae,0.454500628
Algae,0.076775467
Algae,0.085085123
Algae,0.006017744
Algae,0.140306212
Algae,0.482598311
Algae,0.526651284
Algae,0.01431504
Algae,0.21954804
Algae,0.178213873
Algae,0.41201014
Algae,0.358229824
Algae,0.191591056
Algae,0.207362644
Algae,0.479760264
Algae,0.348587014
Algae,0.001300702
Algae,0.527556756
Algae,0.584860885
Algae,0.179727879
Algae,0.019293939
Algae,0.126793653
Algae,0.121164843
Algae,0.132123882
Algae,0.056468719
Algae,0.480088513
Algae,0.236318873
Algae,0.022286196
Algae,0.240753223
Algae,0.543171402
Algae,0.216575214
Algae,0.475238638
Algae,0.021587189
Algae,0.096866694
Algae,0.494791437
Algae,0.111895594
Algae,0.391945408
Algae,0.482265043
Algae,0.012965399
Algae,0.000161837
Algae,0.25192697
Algae,0.029146501
Algae,0.019014561
Algae,0.023753073
Algae,0.123815422
Algae,0.005634306
Algae,0.126740867
Algae,0.029422862
Algae,0.058732355
Algae,0.238792912
Algae,0.07197936
Algae,0.075118359
Algae,0.073220422
Algae,0.107438708
Algae,0.189309164
Algae,0.060299577
Algae,0.035007339
Algae,0.131558799
Algae,0.135526852
Algae,0.601918755
Algae,0.208922241
Algae,0.182331925
Algae,0.318769199
Algae,0.33704925
Algae,0.456748655
Algae,0.086430288
Algae,0.429838518
Algae,0.174898232
Algae,0.073295029
Algae,0.074554443
Algae,0.536631619
Algae,0.181786412
Algae,0.348877737
Algae,0.324379128
Algae,0.101886215
Algae,0.089195906
Algae,0.230139114
Algae,0.035522619
Algae,0.066818987
Algae,0.099509569
Algae,0.232078672
Algae,0.145719283
Algae,0.408772095
Algae,0.191219333
Algae,0.246614713
Algae,0.187518712
Algae,0.084733482
Algae,0.425899805
Algae,0.088031952
Algae,0.150043757
Algae,0.136268739
Algae,0.097085101
Algae,0.212659463
Algae,0.261187522
Algae,0.15054624
Algae,0.204522623
Algae,0.161875786
Algae,0.12744489
Algae,0.054041805
Algae,0.581605085
Algae,0.336182545
Algae,0.093893986
Algae,0.305213904
Algae,0.031593809
Algae,0.027123387
Algae,0.372619733
Algae,0.52536393
Algae,0.022850745
Algae,0.151640286
Algae,0.177833745
Algae,0.018173317
Algae,0.296099359
Algae,0.002805005
Algae,0.16737152
Algae,0.003448734
Algae,0.034804308
Algae,0.05356929
Algae,0.153646681
Algae,0.416886762
Algae,0.072239492
Algae,0.695817139
Algae,0.067937331
Algae,0.079813704
Algae,0.096633179
Algae,0.758478302
Algae,0.181708659
Algae,0.149051494
Algae,0.041180446
Algae,0.113525011
Algae,0.060098344
Algae,0.652251533
Algae,0.095628369
Algae,0.002226899
Algae,0.265304605
Algae,0.231298488
Algae,0.005658619
Algae,0.316822949
Algae,0.024990786
Algae,0.360561758
Algae,0.001253469
Algae,0.18705482
Algae,0.342272467
Algae,0.52452178
Algae,0.147031199
Algae,0.133903885
Algae,0.013714717
Algae,0.404335375
Algae,0.184287846
Algae,0.018457109
Algae,0.306250363
Algae,0.641592553
Algae,0.499619758
Algae,0.135301903
Algae,0.03061027
Algae,0.475020169
Algae,0.463158654
Algae,0.145969872
Algae,0.027692818
Algae,0.592347489
Algae,0.046812575
Algae,0.213274738
Algae,0.069792286
Algae,0.204509735
Algae,0.363500337
Algae,0.5259199
Algae,0.367660883
Algae,0.571199571
Algae,0.193927862
Algae,0.020128914
Algae,0.276104092
Algae,0.00975974
Algae,0.606633909
Algae,0.207084368
Algae,0.08509623
Algae,0.095303913
Algae,0.020103641
Algae,0.306678917
Algae,0.384250841
Algae,0.045234779
Algae,0.176374966
Algae,0.234488621
Algae,0.170807357
Algae,0.107646239
Algae,0.044396076
Algae,0.038520363
Algae,0.130059049
Algae,0.335191498
Algae,0.575086806
Algae,0.081830902
Algae,0.148328143
Algae,0.028079802
Algae,0.163423583
Algae,0.471921024
Algae,0.392242436
Algae,0.034635509
Algae,0.053184628
Algae,0.174856864
Algae,0.077498003
Algae,0.183189804
Algae,0.0954812
Algae,0.399338019
Algae,0.131664858
Algae,0.839622801
Algae,0.807041903
Algae,0.079329938
Algae,0.804741012
Algae,0.503333317
Algae,0.47344099
Algae,0.210645256
Algae,0.302900998
Algae,0.340893447
Algae,0.314929081
Algae,0.150063993
Algae,0.508364673
Algae,0.016204531
Algae,0.430717954
Algae,0.262199044
Algae,0.279148608
Algae,0.011701355
Algae,0.090632512
Algae,0.080145716
Algae,0.044121606
Algae,0.141783754
Algae,0.247405854
Algae,0.139457439
Algae,0.048954176
Algae,0.158418428
Algae,0.101711653
Algae,0.059908696
Algae,0.127755065
Algae,0.233189446
Algae,0.17534576
Algae,0.109614948
Algae,0.094258104
Algae,0.04794875
Algae,0.628699631
Algae,0.036237248
Algae,0.057268987
Algae,0.211598404
Algae,0.181382683
Algae,0.275950424
Algae,0.692528695
Algae,0.192580084
Algae,0.060985547
Algae,0.514327573
Algae,0.054050446
Algae,0.02300033
Algae,0.104260019
Algae,0.038115883
Algae,0.238913406
Algae,0.398907876
Algae,0.23896995
Algae,0.048118696
Algae,0.269844042
Algae,0.217324806
Algae,0.163834363
Algae,0.527016893
Algae,0.072476852
Algae,0.185919947
Algae,0.081353502
Algae,0.608501612
Algae,0.216548504
Algae,0.009424846
Algae,0.330009918
Algae,0.131622265
Algae,0.305864692
Algae,0.075860363
Algae,0.323392727
Algae,0.25229222
Algae,0.268241807
Algae,0.779406119
Algae,0.055353851
Algae,0.456094119
Algae,0.11599939
Algae,0.29959796
Algae,0.608337654
Algae,0.645114823
Algae,0.07278929
Algae,0.312083009
Algae,0.01564877
Algae,0.034232487
Algae,0.0018933
Algae,0.035428445
Algae,0.603800386
Algae,0.18905432
Algae,0.022415297
Algae,0.109377715
Algae,0.004422465
Algae,0.086863168
Algae,0.311044731
Algae,0.138332101
Algae,0.677313839
Algae,0.183049086
Algae,0.191950989
Algae,0.2715466
Algae,0.042733197
Algae,0.144245455
Algae,0.14336059
Algae,0.500469801
Algae,0.314242198
Algae,0.080905666
Algae,0.249493607
Algae,0.031183695
Algae,0.182134728
Algae,0.384022278
Algae,0.249476271
Algae,0.309463508
Algae,0.032239895
Algae,0.044855652
Algae,0.403155363
Algae,0.280474832
Algae,0.09497007
Algae,0.108640358
Algae,0.303668605
Algae,0.265957101
Algae,0.280506353
Algae,0.146472334
Algae,0.44582428
Algae,0.136717433
Algae,0.043894794
Algae,0.070641093
Algae,0.096630788
Algae,0.159478471
Algae,0.066349547
Algae,0.58579959
Algae,0.15383151
Algae,0.097851957
Algae,0.177179736
Algae,0.174010428
Algae,0.246498353
Algae,0.047908238
Algae,0.054802112
Algae,0.417935871
Algae,0.138233398
Algae,0.106061217
Algae,0.460395137
Algae,0.181657242
Algae,0.341870141
Algae,0.024013253
Algae,0.031197135
Algae,0.284268156
Algae,0.038985704
Algae,0.139028419
Algae,0.335365522
Algae,0.285549962
Algae,0.487451739
Algae,0.173933932
Algae,0.088773168
Algae,0.234369594
Algae,0.456153729
Algae,0.260227745
Algae,0.019965953
Algae,0.053998627
Algae,0.134592867
Algae,0.41814691
Algae,0.15977219
Algae,0.320306896
Algae,0.082270147
Algae,0.175837785
Algae,0.314619868
Algae,0.297331908
Algae,0.02705613
Algae,0.688492685
Algae,0.330691372
Algae,0.112282391
Algae,0.248638086
Algae,0.293108159
Algae,0.122988964
Algae,0.042089918
Algae,0.518267363
Algae,0.299586075
Algae,0.090119783
Algae,0.382669289
Algae,0.162278142
Algae,0.138259426
Algae,0.056457669
Algae,0.406703222
Algae,0.093023493
Algae,0.153204061
Algae,0.429218432
Algae,0.144531663
Algae,0.027082966
Algae,0.051985527
Algae,0.024043184
Algae,0.155007018
Algae,0.068750553
Algae,0.54300292
Algae,0.079497024
Algae,0.016347805
Algae,0.259440205
Algae,0.098845014
Algae,0.073556471
Algae,0.197573456
Algae,0.342416779
Algae,0.019233252
Algae,0.175317778
Algae,0.121102082
Algae,0.018427601
Algae,0.149206786
Algae,0.21503833
Algae,0.015170927
Algae,0.234680161
Algae,0.564885242
Algae,0.154731514
Algae,0.421912588
Algae,0.007310486
Algae,0.58977911
Algae,0.198792142
Algae,0.100103091
Algae,0.200217029
Algae,0.104323771
Algae,0.303039457
Algae,0.168001261
Algae,0.517210339
Algae,0.123227895
Algae,0.048151624
Algae,0.092259682
Algae,0.160128602
Algae,0.092362241
Algae,0.089232672
Algae,0.366815803
Algae,0.130842567
Algae,0.266598136
Algae,0.494544865
Algae,0.188679229
Algae,0.241461729
Algae,0.282968874
Algae,0.076045601
Algae,0.250413437
Algae,0.230318931
Algae,0.035567208
Algae,0.118306768
Algae,0.765163117
Algae,0.118818732
Algae,0.338664676
Algae,0.629827649
Algae,0.196965693
Algae,0.186664841
Algae,0.520632491
Algae,0.139887948
Algae,0.122602423
Algae,0.074893277
Algae,0.133319388
Algae,0.421908549
Algae,0.003896956
Algae,0.117407014
Algae,0.170392469
Algae,0.11555713
Algae,0.181899547
Algae,0.372540213
Algae,0.077351366
Algae,0.018438895
Algae,0.00582668
Algae,0.075715004
Algae,0.054503612
Algae,0.056704635
Algae,0.030674225
Algae,0.012590368
Algae,0.010887337
Algae,0.554026867
Algae,0.137569251
Algae,0.049666726
Algae,0.010629358
Algae,0.283140069
Algae,0.259417689
Algae,0.290427305
Algae,0.236394178
Algae,0.524938186
Algae,0.01290803
Algae,0.05842436
Algae,0.108479388
Algae,0.556261073
Algae,0.110108122
Algae,0.025487947
Algae,0.366783045
Algae,0.048159116
Algae,0.07240375
Algae,0.005298211
Algae,0.160897527
Algae,0.67505071
Algae,0.607095646
Algae,0.19100271
Algae,0.284851162
Algae,0.093969845
Algae,0.387953991
Algae,0.306642919
Algae,0.561562021
Algae,0.125243957
Algae,0.192755485
Algae,0.277604898
Algae,0.461274094
Algae,0.107925204
Algae,0.294409121
Algae,0.273517952
Algae,0.037385746
Algae,0.074536079
Algae,0.332300196
Algae,0.066609264
Algae,0.884906308
Algae,0.618733841
Algae,0.026295194
Algae,0.29340166
Algae,0.095416848
Algae,0.292257722
Algae,0.303984626
Algae,0.218569463
Algae,0.624887477
Algae,0.239699188
Algae,0.29812319
Algae,0.723634136
Algae,0.193395764
Algae,0.309319729
Algae,0.395138312
Algae,0.022531224
Algae,0.014053099
Algae,0.117667306
Algae,0.06910481
Algae,0.069052591
Algae,0.016440549
Algae,0.196284612
Algae,0.030297709
Algae,0.222071955
Algae,0.079906388
Algae,0.35155805
Algae,0.151855903
Algae,0.025244608
Algae,0.3428681
Algae,0.042173571
Algae,0.508112432
Algae,0.086557387
Algae,0.581866006
Algae,0.139755045
Algae,0.51761122
Algae,0.212365831
Algae,0.05915189
Algae,0.358903128
Algae,0.071037542
Algae,0.168152783
Algae,0.193390526
Algae,0.047607316
Algae,0.17327313
Algae,0.287273339
Algae,0.195709143
Algae,0.027786876
Algae,0.213638308
Algae,0.055375721
Algae,0.03507042
Algae,0.275740357
Algae,0.059518402
Algae,0.121223022
Algae,0.080617741
Algae,0.057925469
Algae,0.174082311
Algae,0.24081776
Algae,0.081888226
Algae,0.435043399
Algae,0.025111511
Algae,0.352683085
Algae,0.357236638
Algae,0.04201657
Algae,0.327240819
Algae,0.034000548
Algae,0.302138603
Algae,0.448385569
Algae,0.159789118
Algae,0.075822104
Algae,0.402041805
Algae,0.013647333
Algae,0.05858146
Algae,0.333056051
Algae,0.29124447
Algae,0.512918179
Algae,0.086149658
Algae,0.6825638
Algae,0.078358312
Algae,0.01155051
Algae,0.117856638
Algae,0.031015133
Algae,0.273992619
Algae,0.199717421
Algae,0.381124672
Algae,0.27599195
Algae,0.70980631
Algae,0.082335085
Algae,0.14319359
Algae,0.187360394
Algae,0.02168426
Algae,0.376485084
Algae,0.121772475
Algae,0.184956457
Algae,0.151741013
Algae,0.356957404
Algae,0.182052943
Algae,0.040923033
Algae,0.09556468
Algae,0.132792503
Algae,0.31558803
Algae,0.328345301
Algae,0.042738658
Algae,0.177075373
Algae,0.031549246
Algae,0.080405643
Algae,0.07306307
Algae,0.746492157
Algae,0.09691022
Algae,0.274076462
Algae,0.02714199
Algae,0.476174827
Algae,0.105849091
Algae,0.504913412
Algae,0.235926681
Algae,0.210632002
Algae,0.00623322
Algae,0.06224598
Algae,0.192550758
Algae,0.143919887
Algae,0.071606827
Algae,0.224704976
Algae,0.223275595
Algae,0.392925228
Algae,0.373531191
Algae,0.649382387
Algae,0.506353158
Algae,0.06698604
Algae,0.188035889
Algae,0.008194264
Algae,0.100797124
Algae,0.107576031
Algae,0.134849901
Algae,0.00532418
Algae,0.209279523
Algae,0.415753918
Algae,0.338358498
Algae,0.061349439
Algae,0.017413443
Algae,0.029280386
Algae,0.626161047
Algae,0.038248726
Algae,0.357232355
Algae,0.253322982
Algae,0.268832754
Algae,0.404575798
Algae,0.404611392
Algae,0.096175433
Algae,0.090679866
Algae,0.02617118
Algae,0.118427686
Algae,0.481944432
Algae,0.660441771
Algae,0.59965083
Algae,0.001433685
Algae,0.198629513
Algae,0.410126008
Algae,0.186657874
Algae,0.095934784
Algae,0.177505893
Algae,0.488508858
Algae,0.157376743
Algae,0.009698335
Algae,0.149115837
Algae,0.153165965
Algae,0.241531405
Algae,0.332879341
Algae,0.188077233
Algae,0.107534719
Algae,0.562718211
Algae,0.463903973
Algae,0.046054516
Algae,0.098411736
Algae,0.204576156
Algae,0.47099181
Algae,0.183154749
Algae,0.173898567
Algae,0.092398091
Algae,0.07517366
Algae,0.334761181
Algae,0.439871348
Algae,0.156105792
Algae,0.254333564
Algae,0.022335265
Algae,0.169825695
Algae,0.314556462
Algae,0.193958906
Algae,0.572729146
Algae,0.342157362
Algae,0.184716494
Algae,0.035110754
Algae,0.013637782
Algae,0.199759745
Algae,0.294437762
Algae,0.197201224
Algae,0.517947039
Algae,0.019011961
Algae,0.659312831
Algae,0.175585076
Algae,0.10301499
Algae,0.252413522
Algae,0.388717472
Algae,0.378992697
Algae,0.250461548
Algae,0.148750119
Algae,0.017273098
Algae,0.126236622
Algae,0.085880363
Algae,0.080208316
Algae,0.083959886
Algae,0.325003726
Algae,0.005322898
Algae,0.319144742
Algae,0.181727705
Algae,0.449080653
Algae,0.411216049
Algae,0.337553273
Algae,0.178794533
Algae,0.045045491
Algae,0.158048481
Algae,0.147547087
Algae,0.279635353
Algae,0.040639582
Algae,0.281568284
Algae,0.780261974
Algae,0.050460086
Algae,0.391472944
Algae,0.211501689
Algae,0.079522174
Algae,0.30019185
Algae,0.303620395
Algae,0.418911388
Algae,0.303423129
Algae,0.198641954
Algae,0.496623535
Algae,0.124118303
Algae,0.214451802
Algae,0.734023758
Algae,0.09757295
Algae,0.109951595
Algae,0.020483669
Algae,0.412400707
Algae,0.335702336
Algae,0.062492745
Algae,0.604584414
Algae,0.055359872
Algae,0.257479356
Algae,0.588150765
Algae,0.025385563
Algae,0.096958278
Algae,0.284198702
Algae,0.182016734
Algae,0.317172096
Algae,0.30476638
Algae,0.165420017
Algae,0.409954446
Algae,0.019303817
Algae,0.269962399
Algae,0.215039774
Algae,0.240588062
Algae,0.06810415
Algae,0.115764577
Algae,0.280177471
Algae,0.491988592
Algae,0.204320378
Algae,0.002293727
Algae,0.103130412
Algae,0.16687638
Algae,0.165771586
Algae,0.002685764
Algae,0.007133103
Algae,0.054519254
Algae,0.061743244
Algae,0.220966226
Algae,0.300002811
Algae,0.253429826
Algae,0.066829894
Algae,0.087973812
Algae,0.12716795
Algae,0.027980793
Algae,0.203217004
Algae,0.208404729
Algae,0.149047997
Algae,0.077831066
Algae,0.129044537
Algae,0.148382911
Algae,0.003494728
Algae,0.089040373
Algae,0.128172486
Algae,0.106589674
Algae,0.362408693
Algae,0.344755111
Algae,0.031800741
Algae,0.00792772
Algae,0.113735487
Algae,0.521823518
Algae,0.196530428
Algae,0.067087461
Algae,0.022931986
Algae,0.141696043
Algae,0.156905272
Algae,0.161605203
Algae,0.097807573
Algae,0.045183477
Algae,0.275235582
Algae,0.46526247
Algae,0.260340221
Algae,0.012403167
Algae,0.338915533
Algae,0.312074608
Algae,0.028528823
Algae,0.101890686
Algae,0.209795667
Algae,0.050548945
Algae,0.594048535
Algae,0.283344494
Algae,0.255191689
Algae,0.534493873
Algae,0.644753818
Algae,0.596781018
Algae,0.61589327
Algae,0.315699348
Algae,0.355861648
Algae,0.090474378
Algae,0.086087931
Algae,0.184188972
Algae,0.135991803
Algae,0.217430345
Algae,0.016564431
Algae,0.157738015
Algae,0.028361804
Algae,0.162844519
Algae,0.09708782
Algae,0.623473565
Algae,0.43844522
Algae,0.489710214
Algae,0.10924043
Algae,0.57282808
Algae,0.49316506
Algae,0.039443135
Algae,0.071078936
Algae,0.154230936
Algae,0.025796936
Algae,0.021763738
Algae,0.437855689
Algae,0.031855978
Algae,0.26778113
Algae,0.085190163
Algae,0.240404997
Algae,0.111201556
Algae,0.050815958
Algae,0.114139045
Algae,0.064407972
Algae,0.479394611
Algae,0.696926639
Algae,0.181106765
Algae,0.478174653
Algae,0.237039662
Algae,0.403336053
Algae,0.336307336
Algae,0.046199457
Algae,0.053015997
Algae,0.307413622
Algae,0.227101228
Algae,0.389774742
Algae,0.022502262
Algae,0.153483532
Algae,0.044003282
Algae,0.12875721
Algae,0.09015533
Algae,0.104850326
Algae,0.081764696
Algae,0.275722155
Algae,0.087426458
Algae,0.142602816
Algae,0.329185195
Algae,0.305969912
Algae,0.50706563
Algae,0.106493066
Algae,0.212370181
Algae,0.127838375
Algae,0.47677206
Algae,0.178769255
Algae,0.032287784
Algae,0.088446244
Algae,0.098507414
Algae,0.049356333
Algae,0.001653143
Algae,0.026146919
Algae,0.037160167
Algae,0.244901969
Algae,0.049845985
Algae,0.67308771
Algae,0.151530292
Algae,0.53172562
Algae,0.309254143
Algae,0.371226226
Algae,0.134767615
Algae,0.445063393
Algae,0.336699761
Algae,0.165993583
Algae,0.016134358
Algae,0.436959629
Algae,0.080216366
Algae,0.110692638
Algae,0.071560688
Algae,0.268625617
Algae,0.289804222
Algae,0.094340231
Algae,0.376234923
Algae,0.081305409
Algae,0.280567255
Algae,0.182539875
Algae,0.266710965
Algae,0.136579934
Algae,0.363690443
Algae,0.054644195
Algae,0.099013696
Algae,0.408375112
Algae,0.212423956
Algae,0.001047065
Algae,0.030246416
Algae,0.324187621
Algae,0.30250499
Algae,0.033204832
Algae,0.230949394
Algae,0.181962546
Algae,0.325013705
Algae,0.083903694
Algae,0.408360457
Algae,0.225182406
Algae,0.353081856
Algae,0.009658915
Algae,0.089776211
Algae,0.620711225
Algae,0.242295545
Algae,0.159451968
Algae,0.079141092
Algae,0.276080187
Algae,0.114764528
Algae,0.167199104
Algae,0.013402995
Algae,0.598227276
Algae,0.083871355
Algae,0.261501061
Algae,0.023623978
Algae,0.429749464
Algae,0.02440717
Algae,0.034415225
Algae,0.060681938
Algae,0.73510933
Algae,0.123743345
Algae,0.342976616
Algae,0.34621337
Algae,0.045074788
Algae,0.146000382
Algae,0.123113673
Algae,0.060054738
Algae,0.308029962
Algae,0.125558519
Algae,0.066832576
Algae,0.072976902
Algae,0.494114883
Algae,0.07881337
Algae,0.491925031
Algae,0.056692425
Algae,0.66714678
Algae,0.123880724
Algae,0.041971229
Algae,0.699506339
Algae,0.030234502
Algae,0.036770022
Algae,0.189362911
Algae,0.38786002
Algae,0.139184946
Algae,0.034661842
Algae,0.239387597
Algae,0.046858852
Algae,0.160260603
Algae,0.235699619
Algae,0.031171406
Algae,0.390200098
Algae,0.079026633
Algae,0.202564969
Algae,0.008912606
Algae,0.421420046
Algae,0.128194118
Algae,0.338542817
Algae,0.057673533
Algae,0.134130256
Algae,0.365845441
Algae,0.005618923
Algae,0.000750138
Algae,0.212313026
Algae,0.021792228
Algae,0.442551372
Algae,0.142498905
Algae,0.081318551
Algae,0.035007602
Algae,0.190884131
Algae,0.192530358
Algae,0.536085807
Algae,0.481961275
Algae,0.153030598
Algae,0.10930091
Algae,0.444407467
Algae,0.071597161
Algae,0.422767654
Algae,0.011510437
Algae,0.631893448
Algae,0.040041703
Algae,0.072416944
Algae,0.635795723
Algae,0.107266028
Algae,0.208601388
Algae,0.020044439
Algae,0.012245422
Algae,0.260535362
Algae,0.15554597
Algae,0.204936833
Algae,0.40053796
Algae,0.182328754
Algae,0.559761431
Algae,0.318953783
Algae,0.043606838
Algae,0.295367309
Algae,0.200934052
Algae,0.096579429
Algae,0.002697142
Algae,0.37193073
Algae,0.303231379
Algae,0.254750956
Algae,0.538431693
Algae,0.275417097
Algae,0.223677985
Algae,0.001629452
Algae,0.238735312
Algae,0.476256711
Algae,0.042240528
Algae,0.252533827
Algae,0.01396547
Algae,0.164226434
Algae,0.155618647
Algae,0.2184261
Algae,0.008302893
Algae,0.089061472
Algae,0.16434533
Algae,0.341709416
Algae,0.035867625
Algae,0.23406787
Algae,0.071517314
Algae,0.195609196
Algae,0.386064034
Algae,0.128802583
Algae,0.124264937
Algae,0.175627583
Algae,0.076087661
Algae,0.012825938
Algae,0.112954816
Algae,0.264552354
Algae,0.22563536
Algae,0.065281765
Algae,0.51906589
Algae,0.220624256
Algae,0.101918618
Algae,0.03756348
Algae,0.184611579
Algae,0.02278342
Algae,0.011765002
Algae,0.286701521
Algae,0.180348292
Algae,0.201754032
Algae,0.406697359
Algae,0.480490826
Algae,0.032762749
Algae,0.018947066
Algae,0.031752737
Algae,0.138147798
Algae,0.108254347
Algae,0.08384285
Algae,0.483265061
Algae,0.231322069
Algae,0.344345203
Algae,0.081621817
Algae,0.49513245
Algae,0.110976777
Algae,0.475666367
Algae,0.441040174
Algae,0.076988765
Algae,0.138107695
Algae,0.147422597
Algae,0.007822534
Algae,0.077865625
Algae,0.383841488
Algae,0.622365654
Algae,0.183660756
Algae,0.277455137
Algae,0.232076261
Algae,0.588871216
Algae,0.049686183
Algae,0.089092574
Algae,0.201494131
Algae,0.063824412
Algae,0.022473127
Algae,0.112602048
Algae,0.294043494
Algae,0.431607537
Algae,0.026797832
Algae,0.075774673
Algae,0.146276917
Algae,0.189760127
Algae,0.008951538
Algae,0.20825716
Algae,0.122725452
Algae,0.114963063
Algae,0.10181675
Algae,0.011644838
Algae,0.328100699
Algae,0.161754351
Algae,0.475366883
Algae,0.114055501
Algae,0.197019612
Algae,0.115261123
Algae,0.186177133
Algae,0.06709281
Algae,0.206407698
Algae,0.034158018
Algae,0.339133387
Algae,0.09371237
Algae,0.275811478
Algae,0.619614573
Algae,0.102987608
Algae,0.02719079
Algae,0.032271886
Algae,0.032337297
Algae,0.726360989
Algae,0.047479482
Algae,0.620731435
Algae,0.138636067
Algae,0.114687441
Algae,0.012520531
Algae,0.064757841
Algae,0.12599059
Algae,0.559744342
Algae,0.290627931
Algae,0.282849535
Algae,0.231402502
Algae,0.115026223
Algae,0.079696884
Algae,0.275275562
Algae,0.097693489
Algae,0.031257116
Algae,0.090655449
Algae,0.352328789
Algae,0.158010629
Algae,0.30571701
Algae,0.273962381
Algae,0.369172263
Algae,0.019155331
Algae,0.143922421
Algae,0.376205451
Algae,0.105591873
Algae,0.177869837
Algae,0.278645039
Algae,0.53553045
Algae,0.059229639
Algae,0.060614871
Algae,0.037428665
Algae,0.460460399
Algae,0.296461909
Algae,0.239034463
Algae,0.229166553
Algae,0.010633869
Algae,0.039738501
Algae,0.186161327
Algae,0.024189806
Algae,0.111330509
Algae,0.281320684
Algae,0.005216878
Algae,0.274318986
Algae,0.248498633
Algae,0.194930407
Algae,0.0914011
Algae,0.009085993
Algae,0.1376795
Algae,0.026511
Algae,0.15200795
Algae,0.439426474
Algae,0.127978793
Algae,0.286430396
Algae,0.034440038
Algae,0.091432975
Algae,0.251963635
Algae,0.527238933
Algae,0.117098859
Algae,0.214366942
Algae,0.105993642
Algae,0.027153076
Algae,0.379424436
Algae,0.079725853
Algae,0.10729786
Algae,0.376427636
Algae,0.084471103
Algae,0.153507894
Algae,0.356721487
Algae,0.057245349
Algae,0.112577543
Algae,0.40599488
Algae,0.080885832
Algae,0.024261113
Algae,0.136315712
Algae,0.280021819
Algae,0.129897424
Algae,0.259147741
Algae,0.136684263
Algae,0.333702125
Algae,0.271315193
Algae,0.061042927
Algae,0.319036009
Algae,0.23631259
Algae,0.471476892
Algae,0.465503457
Algae,0.656050096
Algae,0.334911813
Algae,0.035199512
Algae,0.128777925
Algae,0.349025875
Algae,0.014740847
Algae,0.189905323
Algae,0.009889383
Algae,0.354181187
Algae,0.047101552
Algae,0.004952214
Algae,0.009886202
Algae,0.07374084
Algae,0.085901852
Algae,0.186010562
Algae,0.397592684
Algae,0.11884257
Algae,0.059055836
Algae,0.102047584
Algae,0.516374216
Algae,0.040757455
Algae,0.157093412
Algae,0.124047475
Algae,0.065845089
Algae,0.081802319
Algae,0.112431578
Algae,0.148071167
Algae,0.273376785
Algae,0.227233262
Algae,0.00585403
Algae,0.094925218
Algae,0.052819392
Algae,0.149381694
Algae,0.077631427
Algae,0.165157942
Algae,0.093186211
Algae,0.247669888
Algae,0.152597447
Algae,0.075674336
Algae,0.060885874
Algae,0.272228922
Algae,0.197776127
Algae,0.176380769
Algae,0.396229757
Algae,0.003894959
Algae,0.441340625
Algae,0.179517947
Algae,0.082941461
Algae,0.452648318
Algae,0.245253393
Algae,0.066230669
Algae,0.1785218
Algae,0.121774734
Algae,0.255404961
Algae,0.3776511
Algae,0.149567847
Algae,0.31497768
Algae,0.148348444
Algae,0.073667597
Algae,0.319137258
Algae,0.279343194
Algae,0.29673128
Algae,0.273452564
Algae,0.084947898
Algae,0.088178998
Algae,0.080208095
Algae,0.354675557
Algae,0.0203614
Algae,0.029984082
Algae,0.168645666
Algae,0.091573089
Algae,0.367449213
Algae,0.254421133
Algae,0.512605625
Algae,0.117917833
Algae,0.735545125
Algae,0.091199703
Algae,0.039819515
Algae,0.090708689
Algae,0.083102228
Algae,0.04464534
Algae,0.316176173
Algae,0.361989985
Algae,0.061378788
Algae,0.093203473
Algae,0.246328409
Algae,0.410030882
Algae,0.257497059
Algae,0.049179021
Algae,0.606529022
Algae,0.015719058
Algae,0.02085506
Algae,0.546867298
Algae,0.285587398
Algae,0.114972757
Algae,0.334960878
Algae,0.159571729
Algae,0.156454817
Algae,0.201475768
Algae,0.006542285
Algae,0.272593137
Algae,0.103658977
Algae,0.266645759
Algae,0.019549349
Algae,0.098172048
Algae,0.072679696
Algae,0.074281924
Algae,0.063261541
Algae,0.016214767
Algae,0.029193674
Algae,0.144708008
Algae,0.360458208
Algae,0.219768772
Algae,0.280672577
Algae,0.501771093
Algae,0.168757478
Algae,0.160707915
Algae,0.502157547
Algae,0.159760915
Algae,0.02451177
Algae,0.430612086
Algae,0.067016587
Algae,0.175447918
Algae,0.126558015
Algae,0.210108436
Algae,0.250104949
Algae,0.80708843
Algae,0.383792434
Algae,0.265119763
Algae,0.109894819
Algae,0.107683015
Algae,0.030831347
Algae,0.52191246
Algae,0.502375522
Algae,0.078748485
Algae,0.612990851
Algae,0.028861083
Algae,0.005755854
Algae,0.040885437
Algae,0.218585516
Algae,0.097369708
Algae,0.316871084
Algae,0.313139877
Algae,0.055971955
Algae,0.410380131
Algae,0.40558525
Algae,0.384074766
Algae,0.816323995
Algae,0.106341281
Algae,0.260531185
Algae,0.481800953
Algae,0.228955529
Algae,0.339674501
Algae,0.617574843
Algae,0.108444234
Algae,0.3728384
Algae,0.354680302
Algae,0.427561964
Algae,0.015151755
Algae,0.407484515
Algae,0.096050001
Algae,0.121262859
Algae,0.378309618
Algae,0.210446681
Algae,0.039571096
Algae,0.361215484
Algae,0.216973777
Algae,0.010393231
Algae,0.06608946
Algae,0.160282971
Algae,0.154141199
Algae,0.790154147
Algae,0.233774942
Algae,0.159275042
Algae,0.098130339
Algae,0.646588907
Algae,0.203205305
Algae,0.016544829
Algae,0.005388768
Algae,0.050204151
Algae,0.226543991
Algae,0.158979966
Algae,0.373011405
Algae,0.110557682
Algae,0.173570691
Algae,0.282514133
Algae,0.052094064
Algae,0.023277864
Algae,0.262623559
Algae,0.287638905
Algae,0.38361582
Algae,0.070230966
Algae,0.057294472
Algae,0.221963357
Algae,0.026514801
Algae,0.201653644
Algae,0.132299519
Algae,0.246949036
Algae,0.179238933
Algae,0.08056249
Algae,0.367576878
Algae,0.567057622
Algae,0.226605313
Algae,0.055956676
Algae,0.221091328
Algae,0.185770581
Algae,0.012153606
Algae,0.626602744
Algae,0.178649016
Algae,0.006977383
Algae,0.472038653
Algae,0.055245161
Algae,0.384522205
Algae,0.029106577
Algae,0.115926248
Algae,0.099454395
Algae,0.133932552
Algae,0.219069276
Algae,0.302502796
Algae,0.219375948
Algae,0.151407346
Algae,0.307453215
Algae,0.119452958
Algae,0.43415933
Algae,0.093215376
Algae,0.615405489
Algae,0.383246065
Algae,0.067196922
Algae,0.018258641
Algae,0.060262288
Algae,0.133034392
Algae,0.032057602
Algae,0.189585867
Algae,0.103397482
Algae,0.020892513
Algae,0.395594575
Algae,0.240255622
Algae,0.19126534
Algae,0.705689312
Algae,0.308674108
Algae,0.093166949
Algae,0.186813774
Algae,0.3680359
Algae,0.389821538
Algae,0.081072689
Algae,0.287301472
Algae,0.038147962
Algae,0.305490738
Algae,0.559543806
Algae,0.018188964
Algae,0.060657228
Algae,0.192283831
Algae,0.245049855
Algae,0.304626291
Algae,0.158507063
Algae,0.315743216
Algae,0.176395477
Algae,0.032331304
Algae,0.139029259
Algae,0.148711702
Algae,0.209183932
Algae,0.566343515
Algae,0.167416108
Algae,0.146721843
Algae,0.310633199
Algae,0.032504649
Algae,0.494601906
Algae,0.34620939
Algae,0.039177851
Algae,0.024664199
Algae,0.67332963
Algae,0.035465729
Algae,0.245374622
Algae,0.079211201
Algae,0.746214694
Algae,0.153385837
Algae,0.135377813
Algae,0.201482036
Algae,0.325355079
Algae,0.120503637
Algae,0.057945194
Algae,0.32333034
Algae,0.027201495
Algae,0.181670166
Algae,0.314841807
Algae,0.149251566
Algae,0.258602845
Algae,0.119286521
Algae,0.059129869
Algae,0.044428037
Algae,0.120715705
Algae,0.030704222
Algae,0.886635428
Algae,0.163849232
Algae,0.353400539
Algae,0.263786595
Algae,0.331312502
Algae,0.201298227
Algae,0.123512927
Algae,0.27328434
Algae,0.080257877
Algae,0.264289993
Algae,0.3549271
Algae,0.015860155
Algae,0.110025857
Algae,0.056273616
Algae,0.044788061
Algae,0.251372224
Algae,0.179355195
Algae,0.183766682
Algae,0.00207282
Algae,0.190383917
Algae,0.203758434
Algae,0.266762535
Algae,0.447990714
Algae,0.1671376
Algae,0.289016966
Algae,0.128789925
Algae,0.636072197
Algae,0.045406937
Algae,0.099492661
Algae,0.211884399
Algae,0.083778572
Algae,0.371853254
Algae,0.706161358
Algae,0.44216839
Algae,0.374379021
Algae,0.364170901
Algae,0.196310249
Algae,0.330277202
Algae,0.390434903
Algae,0.369541176
Algae,0.261933563
Algae,0.508184526
Algae,0.306655886
Algae,0.037657105
Algae,0.049482688
Algae,0.326817706
Algae,0.797010027
Algae,0.360948686
Algae,0.065488253
Algae,0.325561634
Algae,0.10404866
Algae,0.410914247
Algae,0.121918817
Algae,0.577042542
Algae,0.404442882
Algae,0.084263155
Algae,0.09401564
Algae,0.02148803
Algae,0.103553111
Algae,0.018399469
Algae,0.125348129
Algae,0.409591108
Algae,0.334487174
Algae,0.297741393
Algae,0.437647488
Algae,0.261381865
Algae,0.182656611
Algae,0.174515535
Algae,0.057436699
Algae,0.388065871
Algae,0.291672619
Algae,0.778286447
Algae,0.102984222
Algae,0.100695821
Algae,0.252212402
Algae,0.5109576
Algae,0.51883602
Algae,0.19895986
Algae,0.082955266
Algae,0.620477336
Algae,0.526384914
Algae,0.054605207
Algae,0.408324103
Algae,0.018275859
Algae,0.300370004
Algae,0.375585848
Algae,0.070392226
Algae,0.231867662
Algae,0.19777809
Algae,0.148749143
Algae,0.2989539
Algae,0.168681002
Algae,0.065023678
Algae,0.069379541
Algae,0.196653607
Algae,0.097307139
Algae,0.139703957
Algae,0.014643205
Algae,0.080105866
Algae,0.39753948
Algae,0.164201344
Algae,0.562501373
Algae,0.030716507
Algae,0.087606411
Algae,0.249196828
Algae,0.346434056
Algae,0.05284785
Algae,0.002810029
Algae,0.094256771
Algae,0.013694421
Algae,0.184838082
Algae,0.009031259
Algae,0.058409191
Algae,0.011070463
Algae,0.147440854
Algae,0.172199815
Algae,0.324545016
Algae,0.091097435
Algae,0.087007763
Algae,0.213456211
Algae,0.328647541
Algae,0.040760356
Algae,0.624480777
Algae,0.438008179
Algae,0.291716604
Algae,0.35337192
Algae,0.013249026
Algae,0.087420963
Algae,0.028910391
Algae,0.409256427
Algae,0.073419697
Algae,0.005907487
Algae,0.033293032
Algae,0.055867785
Algae,0.169605176
Algae,0.175145409
Algae,0.092460308
Algae,0.353911871
Algae,0.36463126
Algae,0.221281356
Algae,0.257826812
Algae,0.080506602
Algae,0.227596802
Algae,0.445609925
Algae,0.356188019
Algae,0.099334748
Algae,0.416294041
Algae,0.09213573
Algae,0.770940945
Algae,0.541408093
Algae,0.023780224
Algae,0.177173183
Algae,0.424250181
Algae,0.144024555
Algae,0.007554358
Algae,0.015583594
Algae,0.071830827
Algae,0.167478511
Algae,0.107669332
Algae,0.042999862
Algae,0.062068713
Algae,0.18752091
Algae,0.20316386
Algae,0.529241414
Algae,0.079624861
Algae,0.24796271
Algae,0.313154344
Algae,0.183111818
Algae,0.067593025
Algae,0.058568275
Algae,0.258655446
Algae,0.017172714
Algae,0.054332529
Algae,0.627564621
Algae,0.027361453
Algae,0.416301793
Algae,0.206577654
Algae,0.853901205
Algae,0.094597214
Algae,0.277925938
Algae,0.233004922
Algae,0.089616235
Algae,0.014589783
Algae,0.217076755
Algae,0.006904556
Algae,0.069331317
Algae,0.099882023
Algae,0.860486002
Algae,0.161824861
Algae,0.272080809
Algae,0.184937993
Algae,0.142722878
Algae,0.571064757
Algae,0.728021979
Algae,0.271126892
Algae,0.023260652
Algae,0.041525221
Algae,0.000632791
Algae,0.258416367
Algae,0.517475657
Algae,0.331954053
Algae,0.125300215
Algae,0.035272542
Algae,0.044979805
Algae,0.000788026
Algae,0.300096243
Algae,0.251837054
Algae,0.691199169
Algae,0.036610577
Algae,0.00563873
Algae,0.018178505
Algae,0.258826174
Algae,0.048028044
Algae,0.388718028
Algae,0.154350341
Algae,0.616648648
Algae,0.191112391
Algae,0.079139817
Algae,0.003985401
Algae,0.068051426
Algae,0.553711815
Algae,0.11703896
Algae,0.184406005
Algae,0.183396186
Algae,0.900043729
Algae,0.201791269
Algae,0.116844993
Algae,0.11868219
Algae,0.216989236
Algae,0.040638714
Algae,0.209516809
Algae,0.014215671
Algae,0.415426293
Algae,0.305398414
Algae,0.07350926
Algae,0.039947257
Algae,0.252595756
Algae,0.132247034
Algae,0.00673913
Algae,0.034802558
Algae,0.039925632
Algae,0.016993908
Algae,0.062816018
Algae,0.507509274
Algae,0.235115998
Algae,0.140785315
Algae,0.173646435
Algae,0.071723637
Algae,0.078866758
Algae,0.40225902
Algae,0.268332366
Algae,0.167577879
Algae,0.105479047
Algae,0.141489056
Algae,0.051143933
Algae,0.195739824
Algae,0.183333528
Algae,0.02722605
Algae,0.1733369
Algae,0.008417845
Algae,0.035275756
Algae,0.061676146
Algae,0.062776776
Algae,0.493167337
Algae,0.124082709
Algae,0.061680315
Algae,0.232852639
Algae,0.217712197
Algae,0.259359873
Algae,0.073564554
Algae,0.053979567
Algae,0.136317511
Algae,0.022023987
Algae,0.039385989
Algae,0.168790788
Algae,0.409014553
Algae,0.205651863
Algae,0.682305358
Algae,0.023716713
Algae,0.49791448
Algae,0.013689811
Algae,0.049664718
Algae,0.275777464
Algae,0.25105602
Algae,0.308103265
Algae,0.017993802
Algae,0.611911583
Algae,0.295231349
Algae,0.051775466
Algae,0.376089752
Algae,0.311157496
Algae,0.215903346
Algae,0.574835011
Algae,0.001989111
Algae,0.200088724
Algae,0.10803948
Algae,0.014261898
Algae,0.038377954
Algae,0.07801483
Algae,0.205539948
Algae,0.100809393
Algae,0.428675079
Algae,0.110374404
Algae,0.17825263
Algae,0.636085117
Algae,0.105155178
Algae,0.150061252
Algae,0.663063366
Algae,0.673206621
Algae,0.432090305
Algae,0.324017632
Algae,0.029442174
Algae,0.603606526
Algae,0.419804661
Algae,0.213139076
Algae,0.270411244
Algae,0.962982007
Algae,0.070149168
Algae,0.07020186
Algae,0.145871999
Algae,0.086697508
Algae,0.321591063
Algae,0.11413577
Algae,0.34064464
Algae,0.136539453
Algae,0.191920865
Algae,0.175239369
Algae,0.024128348
Algae,0.17360434
Algae,0.246014011
Algae,0.484717458
Algae,0.051869172
Algae,0.110935643
Algae,0.087590858
Algae,0.051830408
Algae,0.132108553
Algae,0.258649176
Algae,0.099239197
Algae,0.395933741
Algae,0.233970966
Algae,0.238418904
Algae,0.079624553
Algae,0.168311303
Algae,0.237355753
Algae,0.417549402
Algae,0.040357413
Algae,0.253352934
Algae,0.253573894
Algae,0.428147046
Algae,0.568696868
Algae,0.130576098
Algae,0.060281128
Algae,0.059611133
Algae,0.385795668
Algae,0.069429115
Algae,0.026767092
Algae,0.046768574
Algae,0.359481617
Algae,0.683870875
Algae,0.413826687
Algae,0.386640119
Algae,0.009408753
Algae,0.161245999
Algae,0.102002515
Algae,0.060570283
Algae,0.396204642
Algae,0.179177996
Algae,0.514936884
Algae,0.108420765
Algae,0.266847939
Algae,0.242768853
Algae,0.472666232
Algae,0.110278638
Algae,0.144555092
Algae,0.097617681
Algae,0.078230209
Algae,0.544503783
Algae,0.331699544
Algae,0.122002556
Algae,0.436262259
Algae,0.001305944
Algae,0.069444808
Algae,0.294661998
Algae,0.6651576
Algae,0.097132635
Algae,0.469754989
Algae,0.103408208
Algae,0.01710563
Algae,0.055850011
Algae,0.074138487
Algae,0.013198459
Algae,0.638746276
Algae,0.1977992
Algae,0.01897812
Algae,0.088115667
Algae,0.1647644
Algae,0.001564373
Algae,0.0591687
Algae,0.399680865
Algae,0.233590098
Algae,0.096452106
Algae,0.190518381
Algae,0.23217352
Algae,0.230557127
Algae,0.003043388
Algae,0.091326978
Algae,0.222787333
Algae,0.186683383
Algae,0.056597912
Algae,0.059137558
Algae,0.428852951
Algae,0.062888246
Algae,0.173678431
Algae,0.100925843
Algae,0.013241758
Algae,0.006002499
Algae,0.024554502
Algae,0.124145196
Algae,0.152269619
Algae,0.137247118
Algae,0.149162323
Algae,0.150770038
Algae,0.293494537
Algae,0.034153243
Algae,0.417983421
Algae,0.181599432
Algae,0.650129951
Algae,0.342931543
Algae,0.225750799
Algae,0.350636109
Algae,0.155874407
Algae,0.396559668
Algae,0.875477986
Algae,0.012219735
Algae,0.499197316
Algae,0.128941006
Algae,0.280236118
Algae,0.068434339
Algae,0.156935639
Algae,0.259582071
Algae,0.055726329
Algae,0.178506388
Algae,0.47446099
Algae,0.250524947
Algae,0.204698868
Algae,0.242343054
Algae,0.279934802
Algae,0.148532865
Algae,0.291253501
Algae,0.025762246
Algae,0.206576648
Algae,0.304915364
Algae,0.188857293
Algae,0.518411623
Algae,0.149888123
Algae,0.447733941
Algae,0.134981067
Algae,0.054216057
Algae,0.46790501
Algae,0.030760631
Algae,0.163175327
Algae,0.2832065
Algae,0.378790868
Algae,0.109108213
Algae,0.221138165
Algae,0.079325137
Algae,0.179249351
Algae,0.392054098
Algae,0.181120162
Algae,0.236990106
Algae,0.037803208
Algae,0.373125424
Algae,0.18608495
Algae,0.414047728
Algae,0.058859711
Algae,0.160365788
Algae,0.313506375
Algae,0.107288753
Algae,0.251157849
Algae,0.255537492
Algae,0.145578626
Algae,0.506430392
Algae,0.109053468
Algae,0.320864607
Algae,0.298665637
Algae,0.106679375
Algae,0.459716461
Algae,0.036597508
Algae,0.0348299
Algae,0.015775362
Algae,0.299484955
Algae,0.259149425
Algae,0.127776994
Algae,0.201296136
Algae,0.121477946
Algae,0.541860555
Algae,0.126606636
Algae,0.103672967
Algae,0.300812186
Algae,0.282166405
Algae,0.312411454
Algae,0.348619047
Algae,0.049295901
Algae,0.01157104
Algae,0.005955872
Algae,0.015136251
Algae,0.749583418
Algae,0.575133403
Algae,0.388892416
Algae,0.223008581
Algae,0.049094258
Algae,0.384560065
Algae,0.214304159
Algae,0.206494861
Algae,0.392154022
Algae,0.401373198
Algae,0.102386859
Algae,0.212855945
Algae,0.622887207
Algae,0.198775083
Algae,0.11012721
Algae,0.461013262
Algae,0.001047931
Algae,0.126506453
Algae,0.273275858
Algae,0.133673358
Algae,0.047404557
Algae,0.709192567
Algae,0.295257853
Algae,0.407502393
Algae,0.195599017
Algae,0.156192682
Algae,0.016652862
Algae,0.035738942
Algae,0.085669439
Algae,0.124042541
Algae,0.568327407
Algae,0.386853425
Algae,0.005629377
Algae,0.061083236
Algae,0.17271804
Algae,0.202296824
Algae,0.387466959
Algae,0.20809428
Algae,0.004269783
Algae,0.30864203
Algae,0.111642125
Algae,0.117947172
Algae,0.29221484
Algae,0.04404335
Algae,0.022723635
Algae,0.085853976
Algae,0.032250723
Algae,0.257239834
Algae,0.36643047
Algae,0.024857693
Algae,0.345549825
Algae,0.245767904
Algae,0.897890784
Algae,0.367777997
Algae,0.108393778
Algae,0.236165004
Algae,0.203660792
Algae,0.516314598
Algae,0.017025996
Algae,0.608476443
Algae,0.231748002
Algae,0.122466728
Algae,0.070918757
Algae,0.166788366
Algae,0.136243963
Algae,0.227155621
Algae,0.012174625
Algae,0.235927956
Algae,0.146478208
Algae,0.010069023
Algae,0.174582507
Algae,0.659678687
Algae,0.251093661
Algae,0.203635207
Algae,0.017085389
Algae,0.225617138
Algae,0.155349465
Algae,0.042528784
Algae,0.179980689
Algae,0.533561804
Algae,0.186862632
Algae,0.296601653
Algae,0.432569727
Algae,0.190585188
Algae,0.493509431
Algae,0.091866385
Algae,0.281529147
Algae,0.020381944
Algae,0.398308478
Algae,0.300339286
Algae,0.011138406
Algae,0.029515526
Algae,0.00692541
Algae,0.070440011
Algae,0.40934471
Algae,0.381157558
Algae,0.175612696
Algae,0.41320885
Algae,0.043619973
Algae,0.145096078
Algae,0.142324984
Algae,0.188183273
Algae,0.378976691
Algae,0.14734253
Algae,0.192504173
Algae,0.078712161
Algae,0.073235561
Algae,0.100960096
Algae,0.125761901
Algae,0.102541917
Algae,0.207567808
Algae,0.416929764
Algae,0.054028308
Algae,0.001286082
Algae,0.403003926
Algae,0.020087417
Algae,0.537433499
Algae,0.237335668
Algae,0.535280187
Algae,0.00012089
Algae,0.106728843
Algae,0.123712158
Algae,0.158987085
Algae,0.006926754
Algae,0.597619268
Algae,0.027134064
Algae,0.084264461
Algae,0.013008841
Algae,0.27471526
Algae,0.029064647
Algae,0.164442118
Algae,0.227881745
Algae,0.015240272
Algae,0.248022369
Algae,0.069457735
Algae,0.185287264
Algae,0.224451809
Algae,0.436679693
Algae,0.174502424
Algae,0.293456791
Algae,0.036715906
Algae,0.184960803
Algae,0.068472374
Algae,0.07723189
Algae,0.080901665
Algae,0.419537758
Algae,0.035135307
Algae,0.38864169
Algae,0.224762896
Algae,0.135681099
Algae,0.096390105
Algae,0.042030948
Algae,0.076899474
Algae,0.108625824
Algae,0.505575207
Algae,0.20216656
Algae,0.132017928
Algae,0.199500677
Algae,0.097571895
Algae,0.211854896
Algae,0.026712947
Algae,0.080874537
Algae,0.402221955
Algae,0.639222547
Algae,0.364221526
Algae,0.040519675
Algae,0.071690153
Algae,0.840675678
Algae,0.129401863
Algae,0.084838534
Algae,0.17551533
Algae,0.120013177
Algae,0.029768413
Algae,0.11088583
Algae,0.284514766
Algae,0.413956516
Algae,0.043332259
Algae,0.171559849
Algae,0.774922568
Algae,0.293148907
Algae,0.251804825
Algae,0.177020912
Algae,0.337609546
Algae,0.075319876
Algae,0.235356969
Algae,0.319784007
Algae,0.059058874
Algae,0.115977803
Algae,0.015605221
Algae,0.08492217
Algae,0.178851363
Algae,0.157482869
Algae,0.056405778
Algae,0.23269629
Algae,0.196163857
Algae,0.307266789
Algae,0.216141835
Algae,0.493459983
Algae,0.066780415
Algae,0.452152497
Algae,0.097819631
Algae,0.5921436
Algae,0.399160723
Algae,0.504861571
Algae,0.143681142
Algae,0.203885256
Algae,0.007559818
Algae,0.072119687
Algae,0.415769578
Algae,0.151282127
Algae,0.166022672
Algae,0.498754817
Algae,0.263321619
Algae,0.761560237
Algae,0.115445428
Algae,0.021500321
Algae,0.696877918
Algae,0.4863052
Algae,0.808860564
Algae,0.570894373
Algae,0.013517523
Algae,0.887704957
Algae,0.302974079
Algae,0.136522392
Algae,0.231684249
Algae,0.000372512
Algae,0.158976336
Algae,0.067022982
Algae,0.045377807
Algae,0.523283974
Algae,0.126041087
Algae,0.107648501
Algae,0.017680279
Algae,0.218141494
Algae,0.317629676
Algae,0.121594096
Algae,0.483005886
Algae,0.03279443
Algae,0.166176253
Algae,0.314781603
Algae,0.127800929
Algae,0.303571748
Algae,0.120395769
Algae,0.036242123
Algae,0.335689855
Algae,0.159746108
Algae,0.039479378
Algae,0.057982569
Algae,0.360479321
Algae,0.182159767
Algae,0.37534902
Algae,0.412116162
Algae,0.243446328
Algae,0.108021273
Algae,0.147409226
Algae,0.045623121
Algae,0.090248262
Algae,0.295443077
Algae,0.183245987
Algae,0.1962574
Algae,0.034366464
Algae,0.150479882
Algae,0.063040289
Algae,0.075609442
Algae,0.298850266
Algae,0.196064896
Algae,0.400176207
Algae,0.028604511
Algae,0.191755487
Algae,0.208366905
Algae,0.415148598
Algae,0.006165403
Algae,0.201753349
Algae,0.034870726
Algae,0.122317752
Algae,0.228755986
Algae,0.009727335
Algae,0.191292651
Algae,0.070212651
Algae,0.164828138
Algae,0.196726971
Algae,0.272522388
Algae,0.088833147
Algae,0.060782351
Algae,0.279248027
Algae,0.185044079
Algae,0.374676004
Algae,0.279802061
Algae,0.023526537
Algae,0.249990945
Algae,0.064263394
Algae,0.172695304
Algae,0.410224174
Algae,0.144440358
Algae,0.189455093
Algae,0.071676908
Algae,0.288445406
Algae,0.009609475
Algae,0.030374477
Algae,0.007457
Algae,0.174763882
Algae,0.151449762
Algae,0.567996012
Algae,0.796019785
Algae,0.296095964
Algae,0.301144388
Algae,0.602513776
Algae,0.101393902
Algae,0.149001929
Algae,0.096032625
Algae,0.09568978
Algae,0.021360758
Algae,0.491370426
Algae,0.130164382
Algae,0.640481661
Algae,0.013745255
Algae,0.17103914
Algae,0.236538497
Algae,0.224897444
Algae,0.042403197
Algae,0.026386923
Algae,0.054375623
Algae,0.149922521
Algae,0.000509813
Algae,0.408032739
Algae,0.0967783
Algae,0.084273578
Algae,0.038839719
Algae,0.553053549
Algae,0.186958795
Algae,0.020416173
Algae,0.068461824
Algae,0.09654998
Algae,0.398650024
Algae,0.525337554
Algae,0.162243334
Algae,0.001563068
Algae,0.111743601
Algae,0.12099812
Algae,0.217299133
Algae,0.163040755
Algae,0.403352337
Algae,0.388088435
Algae,0.064902486
Algae,0.347361716
Algae,0.548376093
Algae,0.267842034
Algae,0.01945838
Algae,0.205304975
Algae,0.292661356
Algae,0.049097947
Algae,0.668884597
Algae,0.072419194
Algae,0.143958154
Algae,0.035349047
Algae,0.142703955
Algae,0.035376427
Algae,0.439840862
Algae,0.258829941
Algae,0.166677551
Algae,0.055309375
Algae,0.295595688
Algae,0.683424439
Algae,0.389177091
Algae,0.152724332
Algae,0.557728879
Algae,0.545425659
Algae,0.439054572
Algae,0.104586448
Algae,0.133430307
Algae,0.212724351
Algae,0.589303036
Algae,0.168337994
Algae,0.128446223
Algae,0.112089355
Algae,0.383042449
Algae,0.248534353
Algae,0.001337497
Algae,0.275859749
Algae,0.095431703
Algae,0.579741971
Algae,0.330692422
Algae,0.093459702
Algae,0.321624666
Algae,0.07543306
Algae,0.57883967
Algae,0.083743135
Algae,0.273749825
Algae,0.301782319
Algae,0.174266479
Algae,0.31989874
Algae,0.037373167
Algae,0.093807954
Algae,0.000156234
Algae,0.231218433
Algae,0.343273178
Algae,0.322128116
Algae,0.23410174
Algae,0.075893098
Algae,0.264323833
Algae,0.11795345
Algae,0.040774873
Algae,0.178004318
Algae,0.157484905
Algae,0.263870006
Algae,0.149813082
Algae,0.595391197
Algae,0.312159744
Algae,0.659311971
Algae,0.189226017
Algae,0.214036373
Algae,0.253711484
Algae,0.198753302
Algae,0.480738777
Algae,0.064610517
Algae,0.104877345
Algae,0.321959338
Algae,0.013238945
Algae,0.285660733
Algae,0.076949289
Algae,0.101372912
Algae,0.400487591
Algae,0.177476246
Algae,0.121064907
Algae,0.127423473
Algae,0.468376844
Algae,0.224804113
Algae,0.248025346
Algae,0.288212222
Algae,0.110715199
Algae,0.015384892
Algae,0.617855164
Algae,0.128605968
Algae,0.069742226
Algae,0.254209472
Algae,0.127368037
Algae,0.283949494
Algae,0.487570526
Algae,0.052071855
Algae,0.478632437
Algae,0.295400478
Algae,0.08310072
Algae,0.049483681
Algae,0.03488624
Algae,0.611928487
Algae,0.001329527
Algae,0.00645471
Algae,0.359830591
Algae,0.020334695
Algae,0.022189666
Algae,0.334369156
Algae,0.389966483
Algae,0.316990352
Algae,0.224101992
Algae,0.081083258
Algae,0.078822128
Algae,0.244276829
Algae,0.642941869
Algae,0.241754968
Algae,0.065774283
Algae,0.14145875
Algae,0.181490997
Algae,0.165121517
Algae,0.246275492
Algae,0.009024863
Algae,0.209069065
Algae,0.102620442
Algae,0.213567839
Algae,0.159447369
Algae,0.383023406
Algae,0.017541203
Algae,0.158501223
Algae,0.028655848
Algae,0.092728984
Algae,0.004677239
Algae,0.130871178
Algae,0.319490693
Algae,0.11126124
Algae,0.253376954
Algae,0.038967506
Algae,0.367457863
Algae,0.231245678
Algae,0.042116648
Algae,0.319197586
Algae,0.279541343
Algae,0.459539259
Algae,0.220105077
Algae,0.293329883
Algae,0.157548568
Algae,0.013523374
Algae,0.018142352
Algae,0.238750244
Algae,0.144893553
Algae,0.34362742
Algae,0.487506831
Algae,0.166364248
Algae,0.056941339
Algae,0.037741773
Algae,0.200549631
Algae,0.021115186
Algae,0.048077047
Algae,0.167510705
Algae,0.13678986
Algae,0.076496103
Algae,0.719826761
Algae,0.029578284
Algae,0.050197696
Algae,0.316494891
Algae,0.062301629
Algae,0.188299172
Algae,0.429759082
Algae,0.269947311
Algae,0.21098004
Algae,0.108676515
Algae,0.167611823
Algae,0.157759829
Algae,0.082912665
Algae,0.060484055
Algae,0.227953884
Algae,0.082171381
Algae,0.262949139
Algae,0.445302786
Algae,0.140445582
Algae,0.237447974
Algae,0.039793739
Algae,0.120745442
Algae,0.209844716
Algae,0.552170566
Algae,0.122897673
Algae,0.290462855
Algae,0.254735755
Algae,0.080205394
Algae,0.198204437
Algae,0.036453749
Algae,0.032603041
Algae,0.016957625
Algae,0.060698635
Algae,0.344931506
Algae,0.062965259
Algae,0.253468339
Algae,0.23509262
Algae,0.159673574
Algae,0.131099546
Algae,0.27786784
Algae,0.146255008
Algae,0.168145368
Algae,0.02836871
Algae,0.028420518
Algae,0.169291052
Algae,0.234096833
Algae,0.205996629
Algae,0.034671848
Algae,0.145003263
Algae,0.302730472
Algae,0.058676602
Algae,0.426270238
Algae,0.311380237
Algae,0.002221565
Algae,0.543903582
Algae,0.021177187
Algae,0.167248679
Algae,0.283214756
Algae,0.209055434
Algae,0.526579183
Algae,0.048480915
Algae,0.299254613
Algae,0.123532919
Algae,0.301723886
Algae,0.079203684
Algae,0.004469663
Algae,0.059578333
Algae,0.102581059
Algae,0.147337873
Algae,0.073039246
Algae,0.203778718
Algae,0.154139797
Algae,0.031618461
Algae,0.232644754
Algae,0.038781792
Algae,0.309625401
Algae,0.345891161
Algae,0.3112057
Algae,0.411677902
Algae,0.284324682
Algae,0.88669131
Algae,0.052670964
Algae,0.486279397
Algae,0.22488441
Algae,0.026962858
Algae,0.256273646
Algae,0.393169775
Algae,0.105864625
Algae,0.171830784
Algae,0.073381107
Algae,0.017204525
Algae,0.344779983
Algae,0.189187554
Algae,0.137106904
Algae,0.2026917
Algae,0.284422522
Algae,0.561782126
Algae,0.014203075
Algae,0.427303256
Algae,0.257660101
Algae,0.007194815
Algae,0.057525069
Algae,0.04805274
Algae,0.163263646
Algae,0.261491241
Algae,0.060719163
Algae,0.086256614
Algae,0.514736029
Algae,0.00028522
Algae,0.398603782
Algae,0.612502194
Algae,0.255461535
Algae,0.19427937
Algae,0.017029883
Algae,0.070338169
Algae,0.626297754
Algae,0.070714935
Algae,0.027205339
Algae,0.296545185
Algae,0.564755154
Algae,0.355802113
Algae,0.006081467
Algae,0.002484768
Algae,0.498618951
Algae,0.0954288
Algae,0.141060267
Algae,0.076993154
Algae,0.118355761
Algae,0.829230415
Algae,0.289981862
Algae,0.0608197
Algae,0.059931814
Algae,0.438748012
Algae,0.166183761
Algae,0.202650091
Algae,0.234843379
Algae,0.058286088
Algae,0.672598337
Algae,0.37678436
Algae,0.099264476
Algae,0.665174599
Algae,0.131067767
Algae,0.066133611
Algae,0.016008318
Algae,0.071597577
Algae,0.005569476
Algae,0.372609818
Algae,0.374067712
Algae,0.227304252
Algae,0.494227324
Algae,0.153553076
Algae,0.067657904
Algae,0.001060959
Algae,0.323122641
Algae,0.299499038
Algae,0.046761317
Algae,0.378774476
Algae,0.511317858
Algae,0.319670142
Algae,0.164873598
Algae,0.135183055
Algae,0.033063504
Algae,0.109258595
Algae,0.50032666
Algae,0.108493533
Algae,0.129173392
Algae,0.269192103
Algae,0.00600194
Algae,0.20612547
Algae,0.073052519
Algae,0.170808328
Algae,0.017871902
Algae,0.021606262
Algae,0.217698708
Algae,0.085944826
Algae,0.122592305
Algae,0.026224654
Algae,0.398692349
Algae,0.13330451
Algae,0.156540615
Algae,0.103249762
Algae,0.131760327
Algae,0.060901002
Algae,0.09493369
Algae,0.20666847
Algae,0.014142728
Algae,0.139518655
Algae,0.072292887
Algae,0.176423735
Algae,0.047674324
Algae,0.000125623
Algae,0.22589024
Algae,0.031692749
Algae,0.085433575
Algae,0.526374601
Algae,0.083296054
Algae,0.234701602
Algae,0.45328296
Algae,0.053591808
Algae,0.270869858
Algae,0.940240616
Algae,0.008335815
Algae,0.268297454
Algae,0.099962995
Algae,0.230970646
Algae,0.472164263
Algae,0.035356381
Algae,0.072744482
Algae,0.093300336
Algae,0.091637557
Algae,0.254453001
Algae,0.001917549
Algae,0.05995353
Algae,0.137131561
Algae,0.368660821
Algae,0.219508084
Algae,0.057513031
Algae,0.005791062
Algae,0.237371342
Algae,0.087537478
Algae,0.192404687
Algae,0.456552747
Algae,0.358304579
Algae,0.186920807
Algae,0.05786923
Algae,0.437358073
Algae,0.185475208
Algae,0.111104454
Algae,0.079946366
Algae,0.057662398
Algae,0.239605625
Algae,0.079940734
Algae,0.398282057
Algae,0.161523477
Algae,0.17350337
Algae,0.192315419
Algae,0.130775328
Algae,0.419561464
Algae,0.215907929
Algae,0.094007847
Algae,0.570868015
Algae,0.136600196
Algae,0.687282157
Algae,0.107296444
Algae,0.013054188
Algae,0.003280089
Algae,0.116253066
Algae,0.459514589
Algae,0.238710031
Algae,0.393479814
Algae,0.119753535
Algae,0.075357733
Algae,0.184687654
Algae,0.113500019
Algae,0.303878931
Algae,0.040057646
Algae,0.2099735
Algae,0.098613178
Algae,0.158094285
Algae,0.069376559
Algae,0.054293561
Algae,0.299677011
Algae,0.069889638
Algae,0.291085244
Algae,0.019461726
Algae,0.031148717
Algae,0.208225845
Algae,0.076910222
Algae,0.159306759
Algae,0.407837217
Algae,0.352531627
Algae,0.167902892
Algae,0.079760351
Algae,0.121691232
Algae,0.133900172
Algae,0.145161607
Algae,0.489203955
Algae,0.181852546
Algae,0.004330296
Algae,0.349157374
Algae,0.532022455
Algae,0.354984256
Algae,0.119480453
Algae,0.015292245
Algae,0.127222033
Algae,0.047594321
Algae,0.134633537
Algae,0.793034086
Algae,0.106429746
Algae,0.261147063
Algae,0.292404534
Algae,0.340110287
Algae,0.133246607
Algae,0.089719043
Algae,0.207616733
Algae,0.087513044
Algae,0.139099929
Algae,0.40508438
Algae,0.730062317
Algae,0.04755912
Algae,0.267155041
Algae,0.170329446
Algae,0.203110177
Algae,0.329392655
Algae,0.091851123
Algae,0.126631242
Algae,0.410951676
Algae,0.51729988
Algae,0.463303152
Algae,0.702542248
Algae,0.156895366
Algae,0.133364304
Algae,0.151423901
Algae,0.068583107
Algae,0.28095873
Algae,0.151833376
Algae,0.127132248
Algae,0.002215255
Algae,0.218972845
Algae,0.518793872
Algae,0.24317373
Algae,0.124277483
Algae,0.767341747
Algae,0.725803596
Algae,0.244728505
Algae,0.168916356
Algae,0.106184506
Algae,0.083828824
Algae,0.505129373
Algae,0.007373513
Algae,0.366823312
Algae,0.131842542
Algae,0.06141921
Algae,0.226964439
Algae,0.127825906
Algae,0.242077241
Algae,0.024132355
Algae,0.212725794
Algae,0.14096599
Algae,0.187296688
Algae,0.286702942
Algae,0.074248987
Algae,0.334936588
Algae,0.05789923
Algae,0.230327914
Algae,0.017361477
Algae,0.050705698
Algae,0.623588279
Algae,0.09388581
Algae,0.101017352
Algae,0.165219035
Algae,0.095805627
Algae,0.018584007
Algae,0.300086782
Algae,0.3934382
Algae,0.272665357
Algae,0.323171257
Algae,0.099312258
Algae,0.027972896
Algae,0.318018962
Algae,0.098360816
Algae,0.107701242
Algae,0.218702906
Algae,0.139517455
Algae,0.211121576
Algae,0.314664178
Algae,0.635879334
Algae,0.213496031
Algae,0.176483737
Algae,0.005988131
Algae,0.187718174
Algae,0.342085099
Algae,0.20873588
Algae,0.517581135
Algae,0.494067648
Algae,0.247254538
Algae,0.666887571
Algae,0.12807003
Algae,0.385103208
Algae,0.453017621
Algae,0.061127275
Algae,0.165372866
Algae,0.369929739
Algae,0.296214195
Algae,0.409563639
Algae,0.057297852
Algae,0.042849122
Algae,0.14843686
Algae,0.093259661
Algae,0.492281345
Algae,0.757499893
Algae,0.069762263
Algae,0.471853737
Algae,0.100599658
Algae,0.437398888
Algae,0.069660453
Algae,0.115401481
Algae,0.382142634
Algae,0.244854913
Algae,0.268196457
Algae,0.018579885
Algae,0.104328808
Algae,0.279268517
Algae,0.300586071
Algae,0.03326028
Algae,0.263072416
Algae,0.124968192
Algae,0.621692536
Algae,0.014366127
Algae,0.149113452
Algae,0.243017788
Algae,0.509528839
Algae,0.182125381
Algae,0.131989262
Algae,0.41862077
Algae,0.098534165
Algae,0.035958104
Algae,0.01846723
Algae,0.045774004
Algae,0.04750109
Algae,0.098224656
Algae,0.034635348
Algae,0.137741419
Algae,0.073562621
Algae,0.180414279
Algae,0.191677105
Algae,0.1599587
Algae,0.118526052
Algae,0.209158897
Algae,0.029635259
Algae,0.191538034
Algae,0.608255214
Algae,0.083336582
Algae,0.10140988
Algae,0.071180122
Algae,0.406173354
Algae,0.158068906
Algae,0.026533245
Algae,0.321489141
Algae,0.093232977
Algae,0.429656727
Algae,0.198684542
Algae,0.022473047
Algae,0.317611304
Algae,0.17667537
Algae,0.009682153
Algae,0.353621087
Algae,0.08739083
Algae,0.118049842
Algae,0.40256797
Algae,0.274049309
Algae,0.09319903
Algae,0.380281067
Algae,0.003863457
Algae,0.072158071
Algae,0.101616488
Algae,0.380270979
Algae,0.026052329
Algae,0.078726127
Algae,0.17037074
Algae,0.236640121
Algae,0.213276819
Algae,0.084966291
Algae,0.013937912
Algae,0.159637438
Algae,0.172372957
Algae,0.13784834
Algae,0.078978289
Algae,0.553494273
Algae,0.307036815
Algae,0.002938556
Algae,0.317082953
Algae,0.031951813
Algae,0.296255571
Algae,0.0521312
Algae,0.167059103
Algae,0.417422685
Algae,0.268395119
Algae,0.663998197
Algae,0.565578754
Algae,0.126577527
Algae,0.281236051
Algae,0.126674167
Algae,0.008975881
Algae,0.036304754
Algae,0.082649492
Algae,0.229633404
Algae,0.533103782
Algae,0.010245212
Algae,0.268983661
Algae,0.106101067
Algae,0.468688649
Algae,0.086127279
Algae,0.105627493
Algae,0.316031756
Algae,0.037015382
Algae,0.03482413
Algae,0.445257401
Algae,0.036514398
Algae,0.356935061
Algae,0.025719759
Algae,0.258839612
Algae,0.152827406
Algae,0.157518694
Algae,0.173067252
Algae,0.040898858
Algae,0.064841814
Algae,0.303986
Algae,0.170564301
Algae,0.274053501
Algae,0.767749851
Algae,0.187427091
Algae,0.099049475
Algae,0.08871436
Algae,0.164032246
Algae,0.018930738
Algae,0.228857977
Algae,0.071502226
Algae,0.062030689
Algae,0.404347402
Algae,0.658352462
Algae,0.14966029
Algae,0.005438546
Algae,0.604363555
Algae,0.255714901
Algae,0.13398493
Algae,0.561756558
Algae,0.641349754
Algae,0.065391968
Algae,0.477587687
Algae,0.084193395
Algae,0.042628619
Algae,0.104560577
Algae,0.266449727
Algae,0.030597266
Algae,0.219509713
Algae,0.119766655
Algae,0.073109731
Algae,0.102461829
Algae,0.313713082
Algae,0.087942136
Algae,0.274294506
Algae,0.195863039
Algae,0.058719026
Algae,0.488400772
Algae,0.309383801
Algae,0.028282715
Algae,0.104043462
Algae,0.058192947
Algae,0.137501369
Algae,0.095022146
Algae,0.030099462
Algae,0.077784684
Algae,0.304244001
Algae,0.131944242
Algae,0.366804649
Algae,0.142016514
Algae,0.308439841
Algae,0.077132752
Algae,0.241755032
Algae,0.097549228
Algae,0.037878279
Algae,0.177420207
Algae,0.409118643
Algae,0.113445448
Algae,0.089306836
Algae,0.288372758
Algae,0.103335497
Algae,0.092895874
Algae,0.228325519
Algae,0.072430213
Algae,0.075970856
Algae,0.138033208
Algae,0.552814934
Algae,0.082118398
Algae,0.307788422
Algae,0.155816074
Algae,0.205704889
Algae,0.630469458
Algae,0.041601429
Algae,0.625178186
Algae,0.302120117
Algae,0.107424906
Algae,0.298088963
Algae,0.182787508
Algae,0.036079334
Algae,0.027778343
Algae,0.305400829
Algae,0.269624678
Algae,0.390247503
Algae,0.016806705
Algae,0.153488218
Algae,0.08611528
Algae,0.02635992
Algae,0.144529545
Algae,0.491370917
Algae,0.120743028
Algae,0.387642038
Algae,0.537410942
Algae,0.459803243
Algae,0.247485528
Algae,0.172464169
Algae,0.030804885
Algae,0.049129226
Algae,0.129490688
Algae,0.205051992
Algae,0.080872426
Algae,0.409670129
Algae,0.472982816
Algae,0.201018639
Algae,0.324473565
Algae,0.177129635
Algae,0.104692569
Algae,0.084822689
Algae,0.573977621
Algae,0.1294797
Algae,0.610402003
Algae,0.262811761
Algae,0.505532631
Algae,0.056740067
Algae,0.227263436
Algae,0.329644985
Algae,0.064230695
Algae,0.06305037
Algae,0.079358825
Algae,0.529882999
Algae,0.139035797
Algae,0.49864797
Algae,0.088832912
Algae,0.114264112
Algae,0.146002754
Algae,0.201235471
Algae,0.542719229
Algae,0.377786357
Algae,0.006867293
Algae,0.14840245
Algae,0.071151476
Algae,0.605539523
Algae,0.067975125
Algae,0.022224398
Algae,0.127511342
Algae,0.120202941
Algae,0.285160692
Algae,0.102363537
Algae,0.00760496
Algae,0.61872614
Algae,0.063996348
Algae,0.183736826
Algae,0.71284245
Algae,0.035674908
Algae,0.038162047
Algae,0.58617393
Algae,0.039668161
Algae,0.083583667
Algae,0.128411655
Algae,0.363002578
Algae,0.046207173
Algae,0.086352714
Algae,0.016061015
Algae,0.228370918
Algae,0.189076008
Algae,0.480688638
Algae,0.249519467
Algae,0.070068624
Algae,0.16059318
Algae,0.112070754
Algae,0.015234278
Algae,0.164988885
Algae,0.176204552
Algae,0.138293333
Algae,0.003963426
Algae,0.149881482
Algae,0.305393604
Algae,0.804124826
Algae,0.330200094
Algae,0.034433257
Algae,0.153866307
Algae,0.032579461
Algae,0.309709254
Algae,0.319485292
Algae,0.133220911
Algae,0.098226276
Algae,0.029341354
Algae,0.308467581
Algae,0.233150034
Algae,0.591335548
Algae,0.092868332
Algae,0.291288713
Algae,0.055086893
Algae,0.402604475
Algae,0.027931197
Algae,0.06886723
Algae,0.136039361
Algae,0.11382631
Algae,0.306219043
Algae,0.094048126
Algae,0.130544731
Algae,0.816329477
Algae,0.195896102
Algae,0.075026259
Algae,0.311433198
Algae,0.310921025
Algae,0.512218438
Algae,0.27647349
Algae,0.640382034
Algae,0.173129299
Algae,0.303050978
Algae,0.165668875
Algae,0.009713638
Algae,0.076551071
Algae,0.101264269
Algae,0.074800923
Algae,0.439956505
Algae,0.487661897
Algae,0.387520718
Algae,0.068143521
Algae,0.553778875
Algae,0.480390569
Algae,0.192974346
Algae,0.140191419
Algae,0.407877494
Algae,0.220756435
Algae,0.544049853
Algae,0.564996141
Algae,0.204541201
Algae,0.147469503
Algae,0.011584342
Algae,0.663118887
Algae,0.615112437
Algae,0.367582981
Algae,0.481703315
Algae,0.366781814
Algae,0.329646109
Algae,0.274365843
Algae,0.175306579
Algae,0.383859031
Algae,0.304374721
Algae,0.422815026
Algae,0.298591947
Algae,0.188087314
Algae,0.126533448
Algae,0.208700664
Algae,0.418115638
Algae,0.119536026
Algae,0.235145865
Algae,0.451387791
Algae,0.008519972
Algae,0.00946917
Algae,0.243835352
Algae,0.079312071
Algae,0.186097646
Algae,0.137430682
Algae,0.42644834
Algae,0.049430923
Algae,0.261225151
Algae,0.104999024
Algae,0.743272522
Algae,0.347443012
Algae,0.305780962
Algae,0.466855242
Algae,0.281461431
Algae,0.707604736
Algae,0.144505374
Algae,0.072421392
Algae,0.656494415
Algae,0.124232216
Algae,0.092410337
Algae,0.209644826
Algae,0.300570373
Algae,0.167452761
Algae,0.022310549
Algae,0.086963947
Algae,0.078273554
Algae,0.09387664
Algae,0.049728309
Algae,0.222577542
Algae,0.429445034
Algae,0.406525483
Algae,0.04938862
Algae,0.10700578
Algae,0.095862933
Algae,0.568167215
Algae,0.546418579
Algae,0.060103108
Algae,0.132611785
Algae,0.200798913
Algae,0.121909996
Algae,0.080129971
Algae,0.01952954
Algae,0.044833802
Algae,0.117631952
Algae,0.219467896
Algae,0.046449742
Algae,0.014810578
Algae,0.683080463
Algae,0.137383329
Algae,0.079114541
Algae,0.041781807
Algae,0.078665488
Algae,0.118647297
Algae,0.356610674
Algae,0.45804067
Algae,0.123886186
Algae,0.560680762
Algae,0.067148436
Algae,0.314059607
Algae,0.168791564
Algae,0.167083205
Algae,0.038520541
Algae,0.046228757
Algae,0.093766132
Algae,0.047083818
Algae,0.520539956
Algae,0.325156387
Algae,0.000407286
Algae,0.266721143
Algae,0.044157136
Algae,0.266011804
Algae,0.008434597
Algae,0.121749306
Algae,0.28000225
Algae,0.105173574
Algae,0.063541824
Algae,0.322619281
Algae,0.087200401
Algae,0.249291334
Algae,0.131350091
Algae,0.496085287
Algae,0.166218239
Algae,0.099433671
Algae,0.145523637
Algae,0.163677137
Algae,0.640917921
Algae,0.231395634
Algae,0.142438248
Algae,0.212289726
Algae,0.22377868
Algae,0.171204941
Algae,0.212517626
Algae,0.21303165
Algae,0.348895102
Algae,0.451631441
Algae,0.32273302
Algae,0.041455161
Algae,0.079529131
Algae,0.140705125
Algae,0.039186017
Algae,0.049752226
Algae,0.095827263
Algae,0.327759626
Algae,0.016054529
Algae,0.421717269
Algae,0.453988306
Algae,0.040256672
Algae,0.005401294
Algae,0.048772253
Algae,0.012243834
Algae,0.490266417
Algae,0.336772084
Algae,0.011083876
Algae,0.277055466
Algae,0.318735101
Algae,0.048133558
Algae,0.111552368
Algae,0.301514229
Algae,0.437358073
Algae,0.359172492
Algae,0.295901698
Algae,0.446021122
Algae,0.286582415
Algae,0.177586572
Algae,0.094297246
Algae,0.102540371
Algae,0.238591634
Algae,0.070040141
Algae,0.249611926
Algae,0.634452007
Algae,0.022514313
Algae,0.299310649
Algae,0.12234977
Algae,0.016750075
Algae,0.107045781
Algae,0.152264495
Algae,0.169072391
Algae,0.074956785
Algae,0.145329708
Algae,0.111831967
Algae,0.113038459
Algae,0.21174088
Algae,0.779133055
Algae,0.106012115
Algae,0.149555062
Algae,0.131756232
Algae,0.174090288
Algae,0.188821041
Algae,0.215490127
Algae,0.019431481
Algae,0.080928524
Algae,0.564030179
Algae,0.075234168
Algae,0.259700639
Algae,0.390680608
Algae,0.300152447
Algae,0.028383184
Algae,0.188940825
Algae,0.084171156
Algae,0.202600412
Algae,0.123807657
Algae,0.12091473
Algae,0.008995328
Algae,0.053840191
Algae,0.676258666
Algae,0.042118021
Algae,0.615206259
Algae,0.323387538
Algae,0.475830157
Algae,0.106417191
Algae,0.070340196
Algae,0.065898178
Algae,0.382553407
Algae,0.178671961
Algae,0.206194594
Algae,0.314257511
Algae,0.577699189
Algae,0.331788102
Algae,0.423015215
Algae,0.321727666
Algae,0.198859173
Algae,0.454222755
Algae,0.029345433
Algae,0.435565285
Algae,0.122429168
Algae,0.138748673
Algae,0.111263611
Algae,0.286755378
Algae,0.056412654
Algae,0.148323543
Algae,0.217005463
Algae,0.265896136
Algae,0.083621196
Algae,0.372837896
Algae,0.054621774
Algae,0.254571677
Algae,0.322330822
Algae,0.118775429
Algae,0.233833034
Algae,0.184116969
Algae,0.027279739
Algae,0.611208923
Algae,0.225760606
Algae,0.477041728
Algae,0.482878827
Algae,0.088544272
Algae,0.160753725
Algae,0.841589906
Algae,0.668986408
Algae,0.246657025
Algae,0.120012339
Algae,0.087070853
Algae,0.505575377
Algae,0.083603427
Algae,0.088939997
Algae,0.070094609
Algae,0.030267321
Algae,0.053047031
Algae,0.216831833
Algae,0.032538202
Algae,0.070769718
Algae,0.185404067
Algae,0.089621084
Algae,0.201869146
Algae,0.081508337
Algae,0.141645779
Algae,0.042054024
Algae,0.243639094
Algae,0.227401205
Algae,0.054864558
Algae,0.195785844
Algae,0.192148897
Algae,0.142786524
Algae,0.35189208
Algae,0.150591999
Algae,0.119149763
Algae,0.264591809
Algae,0.10382971
Algae,0.293088195
Algae,0.026169684
Algae,0.310855357
Algae,0.139494822
Algae,0.222524914
Algae,0.213583056
Algae,0.002382541
Algae,0.333974586
Algae,0.413256036
Algae,0.043480964
Algae,0.226409029
Algae,0.632347028
Algae,0.03241598
Algae,0.020203935
Algae,0.476255583
Algae,0.077227676
Algae,0.346602144
Algae,0.30711272
Algae,0.677274928
Algae,0.264020301
Algae,0.179250129
Algae,0.292842653
Algae,0.155228531
Algae,0.03049988
Algae,0.030412621
Algae,0.145309278
Algae,0.030046111
Algae,0.236020236
Algae,0.136596161
Algae,0.331228193
Algae,0.25863596
Algae,0.04899452
Algae,0.053773918
Algae,0.06858353
Algae,0.259664191
Algae,0.16074894
Algae,0.159942101
Algae,0.210970782
Algae,0.344510746
Algae,0.242216868
Algae,0.329218923
Algae,0.087925205
Algae,0.127361804
Algae,0.164468781
Algae,0.077931358
Algae,0.271047793
Algae,0.061272211
Algae,0.195691623
Algae,0.298810156
Algae,0.512780111
Algae,0.36327213
Algae,0.192476664
Algae,0.398163272
Algae,0.405013007
Algae,0.430412841
Algae,0.699400883
Algae,0.069035488
Algae,0.233051905
Algae,0.368826233
Algae,0.461983753
Algae,0.223971373
Algae,0.015148926
Algae,0.246578762
Algae,0.106477655
Algae,0.163625971
Algae,0.169348722
Algae,0.054919997
Algae,0.083523209
Algae,0.166102845
Algae,0.515645842
Algae,0.219263212
Algae,0.156888219
Algae,0.12236355
Algae,0.367248917
Algae,0.067377719
Algae,0.246317302
Algae,0.547494139
Algae,0.453592881
Algae,0.16953012
Algae,0.027190013
Algae,0.069510047
Algae,0.00371132
Algae,0.031500307
Algae,0.344340084
Algae,0.044401703
Algae,0.481083862
Algae,0.236248609
Algae,0.382487406
Algae,0.419540329
Algae,0.059644448
Algae,0.249234444
Algae,0.336688465
Algae,0.001539017
Algae,0.460655377
Algae,0.132240719
Algae,0.525127494
Algae,0.085511676
Algae,0.039208217
Algae,0.371289126
Algae,0.388630952
Algae,0.068742265
Algae,0.054027711
Algae,0.282068764
Algae,0.166518598
Algae,0.243901522
Algae,0.027234638
Algae,0.040155097
Algae,0.581315565
Algae,0.10067851
Algae,0.149191764
Algae,0.434955707
Algae,0.021623402
Algae,0.050037219
Algae,0.326591646
Algae,0.111151452
Algae,0.052454612
Algae,0.246542178
Algae,0.162314124
Algae,0.217580329
Algae,0.173511753
Algae,0.390314874
Algae,0.375782603
Algae,0.47106555
Algae,0.100476723
Algae,0.204241333
Algae,0.067730007
Algae,0.00738583
Algae,0.06188615
Algae,0.271158487
Algae,0.332471092
Algae,0.065916402
Algae,0.022487116
Algae,0.084411241
Algae,0.037308933
Algae,0.122779451
Algae,0.204753904
Algae,0.155481876
Algae,0.141919978
Algae,0.251491123
Algae,0.566170957
Algae,0.066894987
Algae,0.101522917
Algae,0.197675418
Algae,0.0574506
Algae,0.400040399
Algae,0.205128405
Algae,0.359322763
Algae,0.020357514
Algae,0.28750731
Algae,0.186299528
Algae,0.05187945
Algae,0.045378249
Algae,0.141717149
Algae,0.673359218
Algae,0.458679471
Algae,0.108671908
Algae,0.021710613
Algae,0.368842223
Algae,0.27403876
Algae,0.481698534
Algae,0.058682573
Algae,0.292868035
Algae,0.109668042
Algae,0.036682096
Algae,0.078830639
Algae,0.080472879
Algae,0.110672571
Algae,0.06843361
Algae,0.392751965
Algae,0.351555278
Algae,0.875226081
Algae,0.026702045
Algae,0.129408884
Algae,0.029305134
Algae,0.260075309
Algae,0.088530977
Algae,0.224780671
Algae,0.002074439
Algae,0.361161903
Algae,0.137177693
Algae,0.163159428
Algae,0.173259702
Algae,0.444151431
Algae,0.03599136
Algae,0.108738277
Algae,0.448134465
Algae,0.334736536
Algae,0.04326734
Algae,0.571324475
Algae,0.156688615
Algae,0.039601264
Algae,0.479845915
Algae,0.409523864
Algae,0.02501886
Algae,0.314291676
Algae,0.406212035
Algae,0.149324646
Algae,0.018123755
Algae,0.303767352
Algae,0.475458339
Algae,0.279605275
Algae,0.376467539
Algae,0.041103629
Algae,0.105682816
Algae,0.144518266
Algae,0.599708702
Algae,0.255652055
Algae,0.051387795
Algae,0.268870906
Algae,0.156561673
Algae,0.352287695
Algae,0.112249406
Algae,0.098575801
Algae,0.056578264
Algae,0.587090161
Algae,0.110566104
Algae,0.055724457
Algae,0.166691157
Algae,0.212416705
Algae,0.142568685
Algae,0.145678672
Algae,0.052009312
Algae,0.29151868
Algae,0.249231207
Algae,0.329758736
Algae,0.082500017
Algae,0.28955921
Algae,0.027549951
Algae,0.129313783
Algae,0.393735784
Algae,0.041071937
Algae,0.175778384
Algae,0.199948039
Algae,0.031847993
Algae,0.010297363
Algae,0.180616136
Algae,0.038157743
Algae,0.219771904
Algae,0.301384559
Algae,0.287267619
Algae,0.410867032
Algae,0.045582945
Algae,0.377513457
Algae,0.423186338
Algae,0.058779416
Algae,0.049715029
Algae,0.663363572
Algae,0.05000062
Algae,0.483418266
Algae,0.391291283
Algae,0.181291046
Algae,0.007309455
Algae,0.107535396
Algae,0.004945831
Algae,0.257330182
Algae,0.061420236
Algae,0.387582166
Algae,0.07363568
Algae,0.173545668
Algae,0.187812662
Algae,0.134146256
Algae,0.466617634
Algae,0.161918278
Algae,0.023453261
Algae,0.138221178
Algae,0.173247142
Algae,0.111661912
Algae,0.27473688
Algae,0.231839292
Algae,0.286782621
Algae,0.129724994
Algae,0.146853459
Algae,0.212287491
Algae,0.303094024
Algae,0.008084103
Algae,0.054330687
Algae,0.096502386
Algae,0.082801389
Algae,0.049116817
Algae,0.100274003
Algae,0.212958091
Algae,0.213720321
Algae,0.178733485
Algae,0.27052988
Algae,0.554480807
Algae,0.478487733
Algae,0.138775778
Algae,0.801957724
Algae,0.381233044
Algae,0.019693379
Algae,0.43643136
Algae,0.072279147
Algae,0.062029617
Algae,0.328849652
Algae,0.199260447
Algae,0.192339724
Algae,0.04575237
Algae,0.077661396
Algae,0.202382199
Algae,0.024874002
Algae,0.491405288
Algae,0.21517487
Algae,0.128843702
Algae,0.226537169
Algae,0.251805936
Algae,0.142556736
Algae,0.076428066
Algae,0.081186081
Algae,0.17611595
Algae,0.044685807
Algae,0.220354551
Algae,0.171390007
Algae,0.151783899
Algae,0.065682581
Algae,0.754662426
Algae,0.282279287
Algae,0.127436974
Algae,0.590651288
Algae,0.154006123
Algae,0.324836728
Algae,0.238509263
Algae,0.011802037
Algae,0.068174656
Algae,0.007857584
Algae,0.344220649
Algae,0.029101918
Algae,0.908614725
Algae,0.089258265
Algae,0.120790413
Algae,0.13555959
Algae,0.323561129
Algae,0.205091178
Algae,0.104472156
Algae,0.08592118
Algae,0.666813128
Algae,0.073044508
Algae,0.188192789
Algae,0.136818247
Algae,0.249918525
Algae,0.031643067
Algae,0.075095348
Algae,0.01736414
Algae,0.218353552
Algae,0.062121694
Algae,0.092606555
Algae,0.698695014
Algae,0.060908015
Algae,0.442690789
Algae,0.50135422
Algae,0.363116379
Algae,0.119273832
Algae,0.078387334
Algae,0.185352161
Algae,0.072157296
Algae,0.112301106
Algae,0.130147482
Algae,0.046350517
Algae,0.089957327
Algae,0.065052094
Algae,0.310794738
Algae,0.166113204
Algae,0.147834145
Algae,0.451433579
Algae,0.023653282
Algae,0.13306687
Algae,0.599888547
Algae,0.012276968
Algae,0.035815742
Algae,0.473027172
Algae,0.026799641
Algae,0.171113878
Algae,0.018916901
Algae,0.205633329
Algae,0.294115515
Algae,0.095475144
Algae,0.02839124
Algae,0.249446943
Algae,0.073305963
Algae,0.004358404
Algae,0.062032599
Algae,0.546132785
Algae,0.071357938
Algae,0.06985994
Algae,0.250878907
Algae,0.100638677
Algae,0.025453332
Algae,0.193468458
Algae,0.169570669
Algae,0.583784837
Algae,0.282908978
Algae,0.371712866
Algae,0.098350785
Algae,0.215104963
Algae,0.429166242
Algae,0.086556247
Algae,0.060250039
Algae,0.25785918
Algae,0.407489979
Algae,0.086298457
Algae,0.21711249
Algae,0.090920654
Algae,0.128170603
Algae,0.085089239
Algae,0.024278649
Algae,0.090997054
Algae,0.248943701
Algae,0.090667025
Algae,0.079463039
Algae,0.45407178
Algae,0.321265297
Algae,0.138842659
Algae,0.331332321
Algae,0.386730619
Algae,0.07045305
Algae,0.160338281
Algae,0.449199576
Algae,0.182330274
Algae,0.352643259
Algae,0.290003129
Algae,0.264748499
Algae,0.232155556
Algae,0.419222695
Algae,0.140544411
Algae,0.238333756
Algae,0.280620614
Algae,0.07264136
Algae,0.0254988
Algae,0.701115383
Algae,0.071468252
Algae,0.292904237
Algae,0.063226549
Algae,0.124385591
Algae,0.108989129
Algae,0.147319917
Algae,0.355378104
Algae,0.167607546
Algae,0.047488123
Algae,0.00850201
Algae,0.063698292
Algae,0.635307165
